    1    341      0    341      0  -1.809249
    2    341      0    346      0  -0.003708
    3    341      0    342      0  -0.135366
    4    341      0    342      3  -0.136853
    5    341      0    342      6  -0.066486
    6    341      0    343      0  -0.020504
    7    341      0    344      0  -0.322453
    8    341      0    345      0  -0.313074
    9    342      0    342      0  -2.388281
   10    342      0    346      0  -0.251199
   11    342      0    343      0  -0.137444
   12    342      0    344      0  -0.017907
   13    342      0    345      0  -0.133795
   14    342      3    342      3  4.393815
   15    342      3    346      0  -0.282924
   16    342      3    343      0  -0.139800
   17    342      3    344      0  -0.018045
   18    342      3    345      0  -0.152085
   19    342      6    342      6  5.434949
   20    342      6    346      0  -1.314337
   21    342      6    343      0  -0.338675
   22    342      6    344      0  -0.019945
   23    342      6    345      0  -0.122536
   24    343      0    343      0  -2.230362
   25    343      0    346      0  -0.207962
   26    343      0    348      0  -0.002691
   27    343      0    344      0  -0.195968
   28    343      0    345      0  -0.018973
   29    344      0    344      0  -2.258822
   30    344      0    346      0  -0.021977
   31    344      0    349      0  -0.002540
   32    344      0    348      0  -0.138493
   33    344      0    345      0  -0.214232
   34    345      0    345      0  -1.888874
   35    345      0    346      0  -0.135633
   36    345      0    349      0  -0.183807
   37    345      0    350      0  -0.002887
   38    345      0    348      0  -0.217146
   39    346      0    346      0  -2.417712
   40    346      0    351      0  -0.003878
   41    346      0    349      0  -0.225240
   42    346      0    350      0  -0.188329
   43    346      0    348      0  -0.017297
   44    348      0    348      0  -2.189429
   45    348      0    351      0  -0.589317
   46    348      0    352      0  -0.159680
   47    348      0    349      0  -0.149914
   48    348      0    350      0  -0.022401
   49    349      0    349      0  -2.177526
   50    349      0    351      0  -0.020911
   51    349      0    352      0  -0.151268
   52    349      0    350      0  -0.157254
   53    350      0    350      0  -1.316456
   54    350      0    351      0  -0.151443
   55    350      0    352      0  -0.022742
   56    350      0    354      0  -0.072560
   57    351      0    351      0  -1.935181
   58    351      0    352      0  -0.229476
   59    351      0    354      0  -0.039708
   60    352      0    352      0  -2.225675
   61    352      0    354      0  -0.019877
   62    354      0    354      0  -1.466776
   63    326      0    326      0  -0.048074
   64    326      0    327      0  -0.115543
   65    326      0    328      0  -0.727975
   66    327      0    327      0  -0.043214
   67    327      0    328      0  -0.146022
   68    327      0    329      0  -0.034391
   69    328      0    328      0  -0.747444
   70    328      0    329      0  -0.089363
   71    328      0    330      0  -0.150148
   72    328      0    330      1  -0.031723
   73    329      0    329      0  -0.209432
   74    329      0    330      0  -0.134180
   75    329      0    330      1  -0.091616
   76    329      0    331      0  -0.066657
   77    330      0    330      0  -0.297678
   78    330      0    341      0  -0.082559
   79    330      0    345      0  -0.069171
   80    330      0    338      0  -0.014637
   81    330      0    338      2  -0.015179
   82    330      0    338      9  -0.013635
   83    330      0    338     12  -0.011667
   84    330      0    338     15  -0.001037
   85    330      0    331      0  -0.064410
   86    330      0    332      0  -0.208310
   87    330      1    330      1  -0.026611
   88    330      1    341      0  -0.222476
   89    330      1    345      0  -0.044618
   90    330      1    338      0  -0.029779
   91    330      1    338      2  -0.030342
   92    330      1    338      9  -0.027374
   93    330      1    338     12  -0.024424
   94    330      1    338     15  -0.003697
   95    330      1    331      0  -0.148986
   96    330      1    332      0  -0.757829
   97    331      0    331      0  -0.270833
   98    331      0    338      0  -0.073211
   99    331      0    338      2  -0.063209
  100    331      0    338      9  -0.059079
  101    331      0    338     12  -0.064817
  102    331      0    338     15  -0.017049
  103    331      0    332      0  -0.214596
  104    331      0    333      0  -0.060384
  105    332      0    332      0  -2.326203
  106    332      0    340      0  -0.021533
  107    332      0    341      0  -1.414560
  108    332      0    342      0  -0.124652
  109    332      0    342      3  -0.129219
  110    332      0    342      6  -0.020365
  111    332      0    339      0  -0.009566
  112    332      0    339      1  -0.006535
  113    332      0    337      0  -0.395964
  114    332      0    336      0  -0.003668
  115    332      0    338      0  -1.065267
  116    332      0    338      2  -1.063469
  117    332      0    338      9  -0.910388
  118    332      0    338     12  -0.769411
  119    332      0    338     15  -0.384503
  120    332      0    333      0  -0.095799
  121    332      0    335      0  -0.006590
  122    333      0    333      0  -0.108293
  123    333      0    337      0  -0.412061
  124    333      0    338      0  -0.008478
  125    333      0    338      2  -0.007393
  126    333      0    338      9  -0.007741
  127    333      0    338     12  -0.008003
  128    333      0    338     15  -0.010476
  129    333      0    335      0  -0.005718
  130    335      0    335      0  -0.216490
  131    335      0    340      0  -0.003414
  132    335      0    339      0  -0.240923
  133    335      0    339      1  -0.052187
  134    335      0    337      0  -0.016863
  135    335      0    336      0  -0.163313
  136    335      0    338      0  -0.113171
  137    335      0    338      2  -0.118927
  138    335      0    338      9  -0.122441
  139    335      0    338     12  -0.115785
  140    335      0    338     15  0.999983
  141    336      0    336      0  -0.171666
  142    336      0    340      0  -0.169283
  143    336      0    339      0  -0.350275
  144    336      0    339      1  -0.187317
  145    336      0    337      0  -0.173451
  146    336      0    338      0  -0.015956
  147    336      0    338      2  -0.015892
  148    336      0    338      9  -0.015725
  149    336      0    338     12  -0.015036
  150    336      0    338     15  -0.111466
  151    337      0    337      0  -1.691344
  152    337      0    340      0  -0.241398
  153    337      0    341      0  -0.438153
  154    337      0    342      0  -0.006264
  155    337      0    342      3  -0.004594
  156    337      0    342      6  -0.001038
  157    337      0    339      0  -0.022026
  158    337      0    339      1  -0.016655
  159    337      0    338      0  -0.075510
  160    337      0    338      2  -0.075144
  161    337      0    338      9  -0.074669
  162    337      0    338     12  -0.074170
  163    337      0    338     15  -0.107840
  164    338      0    338      0  -2.012188
  165    338      0    340      0  -0.025285
  166    338      0    341      0  -0.170090
  167    338      0    342      0  24686356.823229
  168    338      0    342      3  7306314.596471
  169    338      0    342      6  -1.116679
  170    338      0    343      0  -0.011050
  171    338      0    339      0  -0.284177
  172    338      0    339      1  -0.151216
  173    338      2    338      2  10.787983
  174    338      2    340      0  -0.025436
  175    338      2    341      0  -0.189444
  176    338      2    342      0  9986505.881793
  177    338      2    342      3  1567880.257560
  178    338      2    342      6  -0.957879
  179    338      2    343      0  -0.009999
  180    338      2    339      0  -0.264473
  181    338      2    339      1  -0.140721
  182    338      9    338      9  32.851021
  183    338      9    340      0  -0.027477
  184    338      9    341      0  -0.208748
  185    338      9    342      0  7673068.734112
  186    338      9    342      3  1018426.432131
  187    338      9    342      6  -0.956816
  188    338      9    343      0  -0.010893
  189    338      9    339      0  -0.244943
  190    338      9    339      1  -0.134882
  191    338     12    338     12  45.975342
  192    338     12    340      0  -0.028194
  193    338     12    341      0  -0.194522
  194    338     12    342      0  367770.150295
  195    338     12    342      3  1011165.648741
  196    338     12    342      6  -1.196644
  197    338     12    343      0  -0.014630
  198    338     12    339      0  -0.247565
  199    338     12    339      1  -0.141987
  200    338     15    338     15  133.308224
  201    338     15    340      0  -0.057062
  202    338     15    341      0  -0.095323
  203    338     15    342      0  -2.110524
  204    338     15    342      3  -1.151545
  205    338     15    342      6  -0.618294
  206    338     15    343      0  -0.029552
  207    338     15    339      0  307.155376
  208    338     15    339      1  -0.159678
  209    339      0    339      0  -2.553118
  210    339      0    340      0  -0.180962
  211    339      0    341      0  -0.016897
  212    339      0    342      0  -0.251918
  213    339      0    342      3  -0.181094
  214    339      0    342      6  -0.525127
  215    339      0    343      0  -0.212212
  216    339      0    344      0  -0.003104
  217    339      1    339      1  2.594699
  218    339      1    340      0  -0.238385
  219    339      1    341      0  -0.016746
  220    339      1    342      0  -0.194792
  221    339      1    342      3  -0.161176
  222    339      1    342      6  -0.561123
  223    339      1    343      0  -1.052595
  224    339      1    344      0  -0.006257
  225    340      0    340      0  -2.415472
  226    340      0    341      0  -0.308629
  227    340      0    342      0  -0.019542
  228    340      0    342      3  -0.019395
  229    340      0    342      6  -0.020158
  230    340      0    343      0  -0.161804
  231    340      0    344      0  -0.172148
  232    340      0    345      0  -0.004274
