    1      4      0      4      0  -0.075405
    2      4      0      5      0  -0.128832
    3      4      0      6      0  -0.013674
    4      4      0      6      1  -0.026653
    5      4      0     17      0  -0.015921
    6      4      0     17      1  -0.011393
    7      5      0      5      0  -1.524578
    8      5      0      6      0  -0.093890
    9      5      0      6      1  -0.123035
   10      5      0     10      0  -0.139647
   11      5      0     11      0  -0.014507
   12      5      0     11      2  -0.010546
   13      5      0     17      0  -0.016543
   14      5      0     17      1  -0.022470
   15      5      0      9      0  -0.092559
   16      5      0     22      0  -0.002636
   17      5      0     22      1  -0.018503
   18      5      0     22      2  -0.005449
   19      6      0      6      0  -0.934419
   20      6      0     10      0  -0.024744
   21      6      0     11      0  -0.365821
   22      6      0     11      2  -0.193592
   23      6      0     17      0  48.840396
   24      6      0     17      1  36.799149
   25      6      0     19      0  -0.007310
   26      6      0     21      0  -0.123516
   27      6      0      9      0  -0.118510
   28      6      0     15      2  -0.038637
   29      6      0     15      4  -0.023997
   30      6      0     15      5  -0.038051
   31      6      0     15      6  -0.043757
   32      6      0     15      7  -0.041928
   33      6      0     15      8  -0.039086
   34      6      0     15      9  -0.040632
   35      6      0     15     11  -0.038545
   36      6      0     15     19  -0.026580
   37      6      0     15     25  -0.025341
   38      6      0     15     27  -0.021699
   39      6      0     15     39  -0.021329
   40      6      0     15     54  -0.020802
   41      6      0     15     63  -0.022098
   42      6      0     15    107  -0.020626
   43      6      0     22      0  -0.303571
   44      6      0     22      1  -0.460226
   45      6      0     22      2  -0.312341
   46      6      0     16      0  -0.018043
   47      6      0     16      1  -0.021487
   48      6      0     16      2  -0.025014
   49      6      0     18      0  -0.030776
   50      6      0     23      0  -0.027679
   51      6      1      6      1  -0.710365
   52      6      1     10      0  -0.043043
   53      6      1     11      0  -0.054803
   54      6      1     11      2  -0.451011
   55      6      1     17      0  11.669082
   56      6      1     17      1  172944.331607
   57      6      1     19      0  -0.000937
   58      6      1     21      0  -0.025562
   59      6      1      9      0  -0.089817
   60      6      1     15      2  -0.031992
   61      6      1     15      4  -0.019665
   62      6      1     15      5  -0.030981
   63      6      1     15      6  -0.034495
   64      6      1     15      7  -0.032695
   65      6      1     15      8  -0.031189
   66      6      1     15      9  -0.031814
   67      6      1     15     11  -0.031822
   68      6      1     15     19  -0.020529
   69      6      1     15     25  -0.019757
   70      6      1     15     27  -0.019753
   71      6      1     15     39  -0.019339
   72      6      1     15     54  -0.018399
   73      6      1     15     63  -0.019849
   74      6      1     15    107  -0.017305
   75      6      1     22      0  -0.153895
   76      6      1     22      1  -0.513922
   77      6      1     22      2  -0.142519
   78      6      1     16      0  -0.017345
   79      6      1     16      1  -0.023141
   80      6      1     16      2  -0.024530
   81      6      1     18      0  -0.015733
   82      6      1     23      0  -0.010545
   83      9      0      9      0  -0.982370
   84      9      0     10      0  -0.088834
   85      9      0     11      0  -0.073790
   86      9      0     11      2  -0.029237
   87      9      0     17      0  -0.011711
   88      9      0     17      1  -0.018987
   89      9      0     21      0  -0.037983
   90      9      0     12      0  -0.004016
   91      9      0     12      1  -0.006851
   92      9      0     15      2  -0.072126
   93      9      0     15      4  -0.019257
   94      9      0     15      5  -0.073528
   95      9      0     15      6  -0.076985
   96      9      0     15      7  -0.075890
   97      9      0     15      8  -0.074078
   98      9      0     15      9  -0.076930
   99      9      0     15     11  -0.074353
  100      9      0     15     19  -0.021823
  101      9      0     15     25  -0.020975
  102      9      0     15     27  -0.017556
  103      9      0     15     39  -0.019342
  104      9      0     15     54  -0.020604
  105      9      0     15     63  -0.022479
  106      9      0     15    107  -0.019564
  107      9      0     22      0  -0.212744
  108      9      0     22      1  -0.496817
  109      9      0     22      2  -0.481571
  110     10      0     10      0  -0.276738
  111     10      0     11      0  -0.091506
  112     10      0     11      2  -0.135956
  113     10      0     17      0  -0.002181
  114     10      0     17      1  -0.017419
  115     10      0     12      0  -0.022488
  116     10      0     12      1  -0.036953
  117     10      0     15      2  -0.023808
  118     10      0     15      4  -0.006921
  119     10      0     15      5  -0.023408
  120     10      0     15      6  -0.021237
  121     10      0     15      7  -0.021837
  122     10      0     15      8  -0.023201
  123     10      0     15      9  -0.021833
  124     10      0     15     11  -0.026454
  125     10      0     15     19  -0.006978
  126     10      0     15     25  -0.006978
  127     10      0     15     27  -0.015599
  128     10      0     15     39  -0.014901
  129     10      0     15     54  -0.015041
  130     10      0     15     63  -0.017347
  131     10      0     15    107  -0.014851
  132     10      0     22      0  -0.023704
  133     10      0     22      1  -0.053911
  134     10      0     22      2  -0.018437
  135     11      0     11      0  -2.845755
  136     11      0     17      0  -0.349010
  137     11      0     17      1  5.783392
  138     11      0     21      0  -0.015857
  139     11      0     12      0  -0.064578
  140     11      0     12      1  -0.053260
  141     11      0     15      2  -0.886846
  142     11      0     15      4  -0.554001
  143     11      0     15      5  -0.820230
  144     11      0     15      6  -0.923758
  145     11      0     15      7  -0.840368
  146     11      0     15      8  -0.798682
  147     11      0     15      9  -0.801903
  148     11      0     15     11  -0.850317
  149     11      0     15     19  -0.565688
  150     11      0     15     25  -0.558110
  151     11      0     15     27  -0.610812
  152     11      0     15     39  -0.595680
  153     11      0     15     54  -0.588472
  154     11      0     15     63  -0.598312
  155     11      0     15    107  -0.589149
  156     11      0     42      0  -0.020269
  157     11      0     42      1  -0.017816
  158     11      0     22      0  9.424396
  159     11      0     22      1  1309.824060
  160     11      0     22      2  4.867668
  161     11      0     16      0  -0.070582
  162     11      0     16      1  -0.073008
  163     11      0     16      2  -0.076253
  164     11      0     18      0  -0.018612
  165     11      0     25      1  -0.005010
  166     11      0     44      0  -0.007695
  167     11      0     44      1  -0.002515
  168     11      0     44      2  -0.002369
  169     11      0     23      0  -0.034069
  170     11      0     24      0  -0.006411
  171     11      0     24      1  -0.002670
  172     11      0     24      2  -0.002617
  173     11      2     11      2  24.039882
  174     11      2     17      0  -0.127102
  175     11      2     17      1  -0.555960
  176     11      2     21      0  -0.001664
  177     11      2     12      0  -0.078857
  178     11      2     12      1  -0.065949
  179     11      2     15      2  -0.657412
  180     11      2     15      4  -0.436240
  181     11      2     15      5  -0.614630
  182     11      2     15      6  -0.642952
  183     11      2     15      7  -0.594425
  184     11      2     15      8  -0.588540
  185     11      2     15      9  -0.585626
  186     11      2     15     11  -0.641667
  187     11      2     15     19  -0.442144
  188     11      2     15     25  -0.439737
  189     11      2     15     27  -0.516046
  190     11      2     15     39  -0.499329
  191     11      2     15     54  -0.488477
  192     11      2     15     63  -0.495260
  193     11      2     15    107  -0.490295
  194     11      2     42      0  -0.012260
  195     11      2     42      1  -0.010256
  196     11      2     22      0  -0.095016
  197     11      2     22      1  1.221667
  198     11      2     22      2  -0.279164
  199     11      2     16      0  -0.069743
  200     11      2     16      1  -0.076365
  201     11      2     16      2  -0.068461
  202     11      2     18      0  -0.008907
  203     11      2     25      1  -0.008499
  204     11      2     44      0  -0.006403
  205     11      2     44      1  -0.002469
  206     11      2     44      2  -0.002346
  207     11      2     23      0  -0.013226
  208     11      2     24      0  -0.002677
  209     11      2     24      1  -0.001129
  210     11      2     24      2  -0.001075
  211     12      0     12      0  -0.883001
  212     12      0     15      2  -1.018446
  213     12      0     15      4  -0.605882
  214     12      0     15      5  -1.048518
  215     12      0     15      6  -1.014240
  216     12      0     15      7  -0.849401
  217     12      0     15      8  -0.424691
  218     12      0     15      9  -0.953757
  219     12      0     15     11  -0.903724
  220     12      0     15     19  -0.595517
  221     12      0     15     25  -0.592066
  222     12      0     15     27  22666.022645
  223     12      0     15     39  2432.299455
  224     12      0     15     54  432.889858
  225     12      0     15     63  1084.329752
  226     12      0     15    107  381.096568
  227     12      0     42      0  -0.293975
  228     12      0     42      1  -0.264504
  229     12      0     22      0  -0.098678
  230     12      0     22      1  -0.027513
  231     12      0     22      2  -0.026157
  232     12      0     41      0  -0.075349
  233     12      0     16      0  -0.005767
  234     12      0     16      1  -0.004539
  235     12      0     16      2  -0.003192
  236     12      0     44      0  -0.077082
  237     12      0     44      1  -0.134709
  238     12      0     44      2  -0.051042
  239     12      0     46      0  -0.025079
  240     12      0     24      0  -0.017375
  241     12      0     24      1  -0.011658
  242     12      0     24      2  -0.006421
  243     12      0     40      0  -0.151764
  244     12      0     40      2  -0.171814
  245     12      0     40      3  -0.055462
  246     12      1     12      1  21.246444
  247     12      1     15      2  -0.531285
  248     12      1     15      4  -0.258761
  249     12      1     15      5  -0.617859
  250     12      1     15      6  -0.525880
  251     12      1     15      7  -0.649852
  252     12      1     15      8  -0.715868
  253     12      1     15      9  -0.652472
  254     12      1     15     11  -0.688412
  255     12      1     15     19  -0.256772
  256     12      1     15     25  -0.257045
  257     12      1     15     27  22.472778
  258     12      1     15     39  1.290796
  259     12      1     15     54  -0.537447
  260     12      1     15     63  5.681467
  261     12      1     15    107  -0.496860
  262     12      1     42      0  -0.267072
  263     12      1     42      1  -0.255353
  264     12      1     22      0  -0.066283
  265     12      1     22      1  -0.024435
  266     12      1     22      2  -0.022454
  267     12      1     41      0  -0.122297
  268     12      1     16      0  -0.001900
  269     12      1     16      1  -0.001778
  270     12      1     16      2  -0.000901
  271     12      1     44      0  -0.027682
  272     12      1     44      1  -0.049038
  273     12      1     44      2  -0.019332
  274     12      1     46      0  -0.012474
  275     12      1     24      0  -0.007730
  276     12      1     24      1  -0.004167
  277     12      1     24      2  -0.002235
  278     12      1     40      0  -0.076436
  279     12      1     40      2  -0.088107
  280     12      1     40      3  -0.037515
  281     15      2     15      2  4.688655
  282     15      2     17      0  -0.018238
  283     15      2     17      1  -0.042327
  284     15      2     21      0  -0.008306
  285     15      2     42      0  0.105864
  286     15      2     42      1  -1.185571
  287     15      2     22      0  794.279174
  288     15      2     22      1  -1.081248
  289     15      2     22      2  -1.398570
  290     15      2     16      0  -0.118295
  291     15      2     16      1  -0.089177
  292     15      2     16      2  -0.096400
  293     15      2     18      0  -0.008265
  294     15      2     25      1  -0.059135
  295     15      2     44      0  -0.658193
  296     15      2     44      1  -0.232070
  297     15      2     44      2  -0.192667
  298     15      2     46      0  -0.015606
  299     15      2     23      0  -0.116113
  300     15      2     24      0  -0.314513
  301     15      2     24      1  -0.153489
  302     15      2     24      2  -0.125394
  303     15      2     40      0  -0.124133
  304     15      2     40      2  -0.132706
  305     15      2     40      3  -0.026866
  306     15      4     15      4  41.659797
  307     15      4     17      0  -0.014544
  308     15      4     17      1  -0.033058
  309     15      4     21      0  -0.007872
  310     15      4     42      0  -0.647796
  311     15      4     42      1  -0.554608
  312     15      4     22      0  13.913973
  313     15      4     22      1  -0.469496
  314     15      4     22      2  -0.564340
  315     15      4     16      0  -0.159208
  316     15      4     16      1  -0.111891
  317     15      4     16      2  -0.128849
  318     15      4     18      0  -0.017026
  319     15      4     25      1  -0.134161
  320     15      4     44      0  2805.316810
  321     15      4     44      1  -0.608946
  322     15      4     44      2  -0.596140
  323     15      4     46      0  -0.036569
  324     15      4     23      0  -0.287171
  325     15      4     24      0  8.234738
  326     15      4     24      1  0.139258
  327     15      4     24      2  0.274528
  328     15      4     40      0  -0.178516
  329     15      4     40      2  -0.180121
  330     15      4     40      3  -0.036085
  331     15      5     15      5  6.896339
  332     15      5     17      0  -0.019171
  333     15      5     17      1  -0.041531
  334     15      5     21      0  -0.010240
  335     15      5     42      0  -1.287669
  336     15      5     42      1  -1.387579
  337     15      5     22      0  203.961527
  338     15      5     22      1  -1.058220
  339     15      5     22      2  -1.005544
  340     15      5     16      0  -0.119005
  341     15      5     16      1  -0.089591
  342     15      5     16      2  -0.097120
  343     15      5     18      0  -0.008380
  344     15      5     25      1  -0.058855
  345     15      5     44      0  -0.613102
  346     15      5     44      1  -0.218017
  347     15      5     44      2  -0.183291
  348     15      5     46      0  -0.015923
  349     15      5     23      0  -0.127175
  350     15      5     24      0  -0.298328
  351     15      5     24      1  -0.150386
  352     15      5     24      2  -0.123589
  353     15      5     40      0  -0.114031
  354     15      5     40      2  -0.121952
  355     15      5     40      3  -0.025748
  356     15      6     15      6  7.033921
  357     15      6     17      0  -0.019137
  358     15      6     17      1  -0.044561
  359     15      6     21      0  -0.009768
  360     15      6     42      0  135.800030
  361     15      6     42      1  6.707493
  362     15      6     22      0  343024.207427
  363     15      6     22      1  6.699210
  364     15      6     22      2  6.847030
  365     15      6     16      0  -0.119729
  366     15      6     16      1  -0.089734
  367     15      6     16      2  -0.097306
  368     15      6     18      0  -0.009732
  369     15      6     25      1  -0.058673
  370     15      6     44      0  -0.633996
  371     15      6     44      1  -0.245504
  372     15      6     44      2  -0.192550
  373     15      6     46      0  -0.016466
  374     15      6     23      0  -0.114668
  375     15      6     24      0  -0.280015
  376     15      6     24      1  -0.143913
  377     15      6     24      2  -0.115694
  378     15      6     40      0  -0.150803
  379     15      6     40      2  -0.165619
  380     15      6     40      3  -0.031397
  381     15      7     15      7  8.711761
  382     15      7     17      0  -0.019338
  383     15      7     17      1  -0.043502
  384     15      7     21      0  -0.010520
  385     15      7     42      0  71.077322
  386     15      7     42      1  2.857148
  387     15      7     22      0  30667.936347
  388     15      7     22      1  3.962908
  389     15      7     22      2  7.219265
  390     15      7     16      0  -0.119685
  391     15      7     16      1  -0.089513
  392     15      7     16      2  -0.097247
  393     15      7     18      0  -0.010502
  394     15      7     25      1  -0.058631
  395     15      7     44      0  -0.596558
  396     15      7     44      1  -0.234253
  397     15      7     44      2  -0.185656
  398     15      7     46      0  -0.016543
  399     15      7     23      0  -0.121130
  400     15      7     24      0  -0.268456
  401     15      7     24      1  -0.141586
  402     15      7     24      2  -0.114049
  403     15      7     40      0  -0.141493
  404     15      7     40      2  -0.155844
  405     15      7     40      3  -0.030919
  406     15      8     15      8  12.518201
  407     15      8     17      0  -0.018430
  408     15      8     17      1  -0.041831
  409     15      8     21      0  -0.010334
  410     15      8     42      0  4.837691
  411     15      8     42      1  -0.961680
  412     15      8     22      0  834.259626
  413     15      8     22      1  -0.620324
  414     15      8     22      2  1.241251
  415     15      8     16      0  -0.119122
  416     15      8     16      1  -0.089723
  417     15      8     16      2  -0.097293
  418     15      8     18      0  -0.009707
  419     15      8     25      1  -0.058563
  420     15      8     44      0  -0.579554
  421     15      8     44      1  -0.220248
  422     15      8     44      2  -0.180152
  423     15      8     46      0  -0.016407
  424     15      8     23      0  -0.123858
  425     15      8     24      0  -0.269466
  426     15      8     24      1  -0.142066
  427     15      8     24      2  -0.115161
  428     15      8     40      0  -0.123667
  429     15      8     40      2  -0.134390
  430     15      8     40      3  -0.028857
  431     15      9     15      9  12.867830
  432     15      9     17      0  -0.019059
  433     15      9     17      1  -0.042635
  434     15      9     21      0  -0.011892
  435     15      9     42      0  0.981010
  436     15      9     42      1  -1.240471
  437     15      9     22      0  852.399688
  438     15      9     22      1  -0.196625
  439     15      9     22      2  3.270249
  440     15      9     16      0  -0.120416
  441     15      9     16      1  -0.090565
  442     15      9     16      2  -0.098610
  443     15      9     18      0  -0.010893
  444     15      9     25      1  -0.058735
  445     15      9     44      0  -0.582249
  446     15      9     44      1  -0.214743
  447     15      9     44      2  -0.178771
  448     15      9     46      0  -0.015974
  449     15      9     23      0  -0.136548
  450     15      9     24      0  -0.277549
  451     15      9     24      1  -0.145180
  452     15      9     24      2  -0.118777
  453     15      9     40      0  -0.115652
  454     15      9     40      2  -0.124753
  455     15      9     40      3  -0.026861
  456     15     11     15     11  19.298685
  457     15     11     17      0  -0.019364
  458     15     11     17      1  -0.042315
  459     15     11     21      0  -0.009425
  460     15     11     42      0  -1.139572
  461     15     11     42      1  -1.342342
  462     15     11     22      0  218.935871
  463     15     11     22      1  -1.081553
  464     15     11     22      2  -1.124603
  465     15     11     16      0  -0.118897
  466     15     11     16      1  -0.089734
  467     15     11     16      2  -0.096982
  468     15     11     18      0  -0.008308
  469     15     11     25      1  -0.058489
  470     15     11     44      0  -0.587326
  471     15     11     44      1  -0.213515
  472     15     11     44      2  -0.178557
  473     15     11     46      0  -0.016159
  474     15     11     23      0  -0.119327
  475     15     11     24      0  -0.278100
  476     15     11     24      1  -0.143629
  477     15     11     24      2  -0.116947
  478     15     11     40      0  -0.113262
  479     15     11     40      2  -0.121487
  480     15     11     40      3  -0.026006
  481     15     19     15     19  61.025939
  482     15     19     17      0  -0.015202
  483     15     19     17      1  -0.034144
  484     15     19     21      0  -0.009205
  485     15     19     42      0  -0.664414
  486     15     19     42      1  -0.569259
  487     15     19     22      0  14.758984
  488     15     19     22      1  -0.508825
  489     15     19     22      2  -0.632478
  490     15     19     16      0  -0.159257
  491     15     19     16      1  -0.111881
  492     15     19     16      2  -0.129507
  493     15     19     18      0  -0.017569
  494     15     19     25      1  -0.123385
  495     15     19     44      0  729.036878
  496     15     19     44      1  -0.680927
  497     15     19     44      2  -0.763124
  498     15     19     46      0  -0.031502
  499     15     19     23      0  -0.310564
  500     15     19     24      0  3.353354
  501     15     19     24      1  -0.299094
  502     15     19     24      2  -0.143202
  503     15     19     40      0  -0.157637
  504     15     19     40      2  -0.160165
  505     15     19     40      3  -0.032542
  506     15     25     15     25  195.738995
  507     15     25     17      0  -0.014111
  508     15     25     17      1  -0.033866
  509     15     25     21      0  -0.007858
  510     15     25     42      0  -0.787909
  511     15     25     42      1  -0.681995
  512     15     25     22      0  14.606069
  513     15     25     22      1  -0.472784
  514     15     25     22      2  -0.587156
  515     15     25     16      0  -0.164577
  516     15     25     16      1  -0.114862
  517     15     25     16      2  -0.132546
  518     15     25     18      0  -0.017550
  519     15     25     25      1  -0.135552
  520     15     25     44      0  41.040288
  521     15     25     44      1  -0.587837
  522     15     25     44      2  -0.692558
  523     15     25     46      0  -0.031092
  524     15     25     23      0  -0.257706
  525     15     25     24      0  0.334578
  526     15     25     24      1  -0.196216
  527     15     25     24      2  -0.049755
  528     15     25     40      0  -0.147163
  529     15     25     40      2  -0.150670
  530     15     25     40      3  -0.030962
  531     15     27     15     27  36.329244
  532     15     27     17      0  -0.012783
  533     15     27     17      1  -0.030953
  534     15     27     21      0  -0.002798
  535     15     27     42      0  -0.918153
  536     15     27     42      1  -1.034084
  537     15     27     22      0  15.927907
  538     15     27     22      1  -0.404548
  539     15     27     22      2  -0.431502
  540     15     27     16      0  -0.121411
  541     15     27     16      1  -0.091672
  542     15     27     16      2  -0.095658
  543     15     27     18      0  -0.008929
  544     15     27     25      1  -0.080994
  545     15     27     44      0  0.055293
  546     15     27     44      1  -0.484908
  547     15     27     44      2  -0.557071
  548     15     27     46      0  -0.053078
  549     15     27     23      0  -0.083554
  550     15     27     24      0  -0.388401
  551     15     27     24      1  -0.201420
  552     15     27     24      2  -0.143353
  553     15     27     40      0  -0.573570
  554     15     27     40      2  -0.542880
  555     15     27     40      3  -0.107185
  556     15     39     15     39  38.881682
  557     15     39     17      0  -0.012712
  558     15     39     17      1  -0.030532
  559     15     39     21      0  -0.002798
  560     15     39     42      0  5.894304
  561     15     39     42      1  0.313335
  562     15     39     22      0  15.946763
  563     15     39     22      1  -0.403486
  564     15     39     22      2  -0.435792
  565     15     39     16      0  -0.122342
  566     15     39     16      1  -0.092529
  567     15     39     16      2  -0.096211
  568     15     39     18      0  -0.008929
  569     15     39     25      1  -0.082937
  570     15     39     44      0  -0.972399
  571     15     39     44      1  -0.747507
  572     15     39     44      2  -0.448656
  573     15     39     46      0  -0.055031
  574     15     39     23      0  -0.083386
  575     15     39     24      0  -0.341516
  576     15     39     24      1  -0.184506
  577     15     39     24      2  -0.133303
  578     15     39     40      0  -0.525701
  579     15     39     40      2  -0.553320
  580     15     39     40      3  -0.096420
  581     15     54     15     54  46.952216
  582     15     54     17      0  -0.012040
  583     15     54     17      1  -0.031005
  584     15     54     21      0  -0.002798
  585     15     54     42      0  15.749462
  586     15     54     42      1  1.600365
  587     15     54     22      0  15.913433
  588     15     54     22      1  -0.408209
  589     15     54     22      2  -0.445371
  590     15     54     16      0  -0.122575
  591     15     54     16      1  -0.092623
  592     15     54     16      2  -0.096267
  593     15     54     18      0  -0.008930
  594     15     54     25      1  -0.086881
  595     15     54     44      0  -0.987015
  596     15     54     44      1  -0.707527
  597     15     54     44      2  -0.440838
  598     15     54     46      0  -0.059463
  599     15     54     23      0  -0.083262
  600     15     54     24      0  -0.321228
  601     15     54     24      1  -0.183127
  602     15     54     24      2  -0.130980
  603     15     54     40      0  -0.438184
  604     15     54     40      2  -0.481120
  605     15     54     40      3  -0.088128
  606     15     63     15     63  60.071495
  607     15     63     17      0  -0.012055
  608     15     63     17      1  -0.031213
  609     15     63     21      0  -0.002798
  610     15     63     42      0  1.716254
  611     15     63     42      1  -0.606265
  612     15     63     22      0  15.881133
  613     15     63     22      1  -0.417936
  614     15     63     22      2  -0.454290
  615     15     63     16      0  -0.121769
  616     15     63     16      1  -0.091739
  617     15     63     16      2  -0.095696
  618     15     63     18      0  -0.008929
  619     15     63     25      1  -0.088292
  620     15     63     44      0  -1.007087
  621     15     63     44      1  -0.735863
  622     15     63     44      2  -0.526147
  623     15     63     46      0  -0.062132
  624     15     63     23      0  -0.083158
  625     15     63     24      0  -0.330557
  626     15     63     24      1  -0.194383
  627     15     63     24      2  -0.135573
  628     15     63     40      0  -0.417714
  629     15     63     40      2  -0.444367
  630     15     63     40      3  -0.086883
  631     15    107     15    107  112.759732
  632     15    107     17      0  -0.012055
  633     15    107     17      1  -0.031086
  634     15    107     21      0  -0.002798
  635     15    107     42      0  2.939572
  636     15    107     42      1  -0.415444
  637     15    107     22      0  15.928125
  638     15    107     22      1  -0.404584
  639     15    107     22      2  -0.437258
  640     15    107     16      0  -0.125281
  641     15    107     16      1  -0.094888
  642     15    107     16      2  -0.098022
  643     15    107     18      0  -0.008929
  644     15    107     25      1  -0.095571
  645     15    107     44      0  -0.999360
  646     15    107     44      1  -0.722888
  647     15    107     44      2  -0.480239
  648     15    107     46      0  -0.069844
  649     15    107     23      0  -0.083390
  650     15    107     24      0  -0.323597
  651     15    107     24      1  -0.190874
  652     15    107     24      2  -0.134130
  653     15    107     40      0  -0.413511
  654     15    107     40      2  -0.449574
  655     15    107     40      3  -0.086651
  656     16      0     16      0  -1.986569
  657     16      0     17      0  -0.059966
  658     16      0     17      1  -0.078748
  659     16      0     21      0  -0.002868
  660     16      0     22      0  -0.042168
  661     16      0     22      1  -0.025125
  662     16      0     22      2  -0.018820
  663     16      0     18      0  -0.747252
  664     16      0     25      1  -0.621076
  665     16      0     44      0  -0.014471
  666     16      0     44      1  -0.003484
  667     16      0     44      2  -0.013491
  668     16      0     23      0  -0.354531
  669     16      0     24      0  -0.025421
  670     16      0     24      1  -0.033046
  671     16      0     24      2  -0.030967
  672     16      0     26      0  -0.030471
  673     16      1     16      1  13.324624
  674     16      1     17      0  -0.104627
  675     16      1     17      1  -0.130088
  676     16      1     21      0  -0.002237
  677     16      1     22      0  -0.033830
  678     16      1     22      1  -0.022407
  679     16      1     22      2  -0.015362
  680     16      1     18      0  -0.784588
  681     16      1     25      1  -0.484589
  682     16      1     44      0  -0.008184
  683     16      1     44      1  -0.002038
  684     16      1     44      2  -0.008348
  685     16      1     23      0  -0.131352
  686     16      1     24      0  -0.013369
  687     16      1     24      1  -0.019025
  688     16      1     24      2  -0.016369
  689     16      1     26      0  -0.021000
  690     16      2     16      2  16.462665
  691     16      2     17      0  -0.113101
  692     16      2     17      1  -0.138094
  693     16      2     21      0  -0.004091
  694     16      2     22      0  -0.042066
  695     16      2     22      1  -0.027343
  696     16      2     22      2  -0.019940
  697     16      2     18      0  -1.191064
  698     16      2     25      1  -0.278575
  699     16      2     44      0  -0.009509
  700     16      2     44      1  -0.002133
  701     16      2     44      2  -0.007890
  702     16      2     23      0  -0.374548
  703     16      2     24      0  -0.019546
  704     16      2     24      1  -0.025192
  705     16      2     24      2  -0.025314
  706     16      2     26      0  -0.024235
  707     17      0     17      0  -1.813059
  708     17      0     19      0  -0.018805
  709     17      0     21      0  -0.043646
  710     17      0     22      0  -0.058729
  711     17      0     22      1  -0.132311
  712     17      0     22      2  -0.048876
  713     17      0     18      0  -0.123452
  714     17      0     23      0  -0.025538
  715     17      1     17      1  7.027672
  716     17      1     19      0  -0.005828
  717     17      1     21      0  -0.022059
  718     17      1     22      0  -0.134103
  719     17      1     22      1  -0.348150
  720     17      1     22      2  -0.100062
  721     17      1     18      0  -0.088580
  722     17      1     23      0  -0.024546
  723     18      0     18      0  -1.019277
  724     18      0     19      0  -0.258286
  725     18      0     21      0  -0.038919
  726     18      0     22      0  -0.013886
  727     18      0     22      1  -0.012722
  728     18      0     22      2  -0.009922
  729     18      0     25      1  -0.020341
  730     18      0     23      0  -0.628507
  731     19      0     19      0  -0.154442
  732     19      0     21      0  -0.117123
  733     19      0     23      0  -0.024140
  734     21      0     21      0  -1.203447
  735     21      0     22      0  -0.051464
  736     21      0     22      1  -0.064877
  737     21      0     22      2  -0.090736
  738     21      0     23      0  -0.215897
  739     22      0     22      0  -2.446682
  740     22      0     42      0  -0.141101
  741     22      0     42      1  -0.118400
  742     22      0     25      1  -0.007850
  743     22      0     44      0  -0.039126
  744     22      0     44      1  -0.014951
  745     22      0     44      2  -0.013404
  746     22      0     23      0  -0.116037
  747     22      0     24      0  -0.029136
  748     22      0     24      1  -0.016995
  749     22      0     24      2  -0.016499
  750     22      1     22      1  7.379741
  751     22      1     42      0  -0.046657
  752     22      1     42      1  -0.042227
  753     22      1     25      1  -0.000859
  754     22      1     44      0  -0.010090
  755     22      1     44      1  -0.002749
  756     22      1     44      2  -0.002528
  757     22      1     23      0  -0.075144
  758     22      1     24      0  -0.009769
  759     22      1     24      1  -0.004994
  760     22      1     24      2  -0.005234
  761     22      2     22      2  47.229789
  762     22      2     42      0  -0.126811
  763     22      2     42      1  -0.121923
  764     22      2     25      1  -0.000836
  765     22      2     44      0  -0.016552
  766     22      2     44      1  -0.006784
  767     22      2     44      2  -0.004206
  768     22      2     23      0  -0.099719
  769     22      2     24      0  -0.015540
  770     22      2     24      1  -0.006637
  771     22      2     24      2  -0.009058
  772     23      0     23      0  -1.927395
  773     23      0     42      0  -0.008922
  774     23      0     42      1  -0.008622
  775     23      0     25      1  -0.026122
  776     23      0     44      0  -0.027105
  777     23      0     44      1  -0.005695
  778     23      0     44      2  -0.009802
  779     23      0     24      0  -0.097576
  780     23      0     24      1  -0.079682
  781     23      0     24      2  -0.140402
  782     23      0     26      0  -0.007927
  783     24      0     24      0  0.460949
  784     24      0     42      0  -0.145853
  785     24      0     42      1  -0.142220
  786     24      0     25      1  -0.125353
  787     24      0     44      0  6421.624910
  788     24      0     44      1  6.415694
  789     24      0     44      2  6.855341
  790     24      0     46      0  -0.022634
  791     24      0     26      0  -0.009525
  792     24      0     39      0  -0.029865
  793     24      0     39      1  -0.096390
  794     24      0     40      0  -0.133262
  795     24      0     40      2  -0.138579
  796     24      0     40      3  -0.024007
  797     24      0     45      0  -0.055925
  798     24      0     45      1  -0.056147
  799     24      0     45      3  -0.052322
  800     24      0     45      6  -0.052389
  801     24      0     45     15  -0.220232
  802     24      0     45     34  -0.030400
  803     24      0     45     38  -0.031297
  804     24      0     45     41  -0.303995
  805     24      0     45     43  -0.074175
  806     24      0     45     45  -0.030998
  807     24      0     45     46  -0.322885
  808     24      0     45     48  -0.073604
  809     24      0     45     49  -0.030670
  810     24      0     45     51  -0.371096
  811     24      0     27      0  -0.053593
  812     24      0     27      1  -0.021818
  813     24      0     27      2  -0.054027
  814     24      1     24      1  1.974604
  815     24      1     42      0  -0.035272
  816     24      1     42      1  -0.034253
  817     24      1     25      1  -0.439222
  818     24      1     44      0  12.300185
  819     24      1     44      1  0.217714
  820     24      1     44      2  49.955855
  821     24      1     46      0  -0.069465
  822     24      1     26      0  -0.022919
  823     24      1     39      0  -0.020819
  824     24      1     39      1  -0.037709
  825     24      1     40      0  -0.058629
  826     24      1     40      2  -0.058284
  827     24      1     40      3  -0.017225
  828     24      1     45      0  -0.117443
  829     24      1     45      1  -0.120650
  830     24      1     45      3  -0.104350
  831     24      1     45      6  -0.104290
  832     24      1     45     15  -0.443480
  833     24      1     45     34  -0.085541
  834     24      1     45     38  -0.083212
  835     24      1     45     41  -0.643035
  836     24      1     45     43  -0.297010
  837     24      1     45     45  -0.081525
  838     24      1     45     46  2.407156
  839     24      1     45     48  -0.290780
  840     24      1     45     49  -0.085789
  841     24      1     45     51  13.629175
  842     24      1     27      0  -0.237403
  843     24      1     27      1  -0.076388
  844     24      1     27      2  -0.236108
  845     24      2     24      2  20.461259
  846     24      2     42      0  -0.030050
  847     24      2     42      1  -0.029215
  848     24      2     25      1  -0.153710
  849     24      2     44      0  7.745015
  850     24      2     44      1  -0.319840
  851     24      2     44      2  -0.571243
  852     24      2     46      0  -0.014805
  853     24      2     26      0  -0.027010
  854     24      2     39      0  -0.017473
  855     24      2     39      1  -0.033324
  856     24      2     40      0  -0.028808
  857     24      2     40      2  -0.029231
  858     24      2     40      3  -0.004605
  859     24      2     45      0  -0.052267
  860     24      2     45      1  -0.053645
  861     24      2     45      3  -0.041700
  862     24      2     45      6  -0.041666
  863     24      2     45     15  -0.208574
  864     24      2     45     34  -0.027725
  865     24      2     45     38  -0.027542
  866     24      2     45     41  -0.420782
  867     24      2     45     43  -0.080612
  868     24      2     45     45  -0.027969
  869     24      2     45     46  -0.451224
  870     24      2     45     48  -0.078802
  871     24      2     45     49  -0.027382
  872     24      2     45     51  -0.481473
  873     24      2     27      0  -0.110521
  874     24      2     27      1  -0.044063
  875     24      2     27      2  -0.115296
  876     25      1     25      1  0.251358
  877     25      1     44      0  -0.086299
  878     25      1     44      1  -0.059958
  879     25      1     44      2  -0.298049
  880     25      1     46      0  -0.492331
  881     25      1     26      0  -0.188330
  882     25      1     45      0  -0.017603
  883     25      1     45      1  -0.017665
  884     25      1     45      3  -0.015495
  885     25      1     45      6  -0.015537
  886     25      1     45     15  -0.033926
  887     25      1     45     34  -0.035511
  888     25      1     45     38  -0.032742
  889     25      1     45     41  -0.154740
  890     25      1     45     43  -0.190248
  891     25      1     45     45  -0.031071
  892     25      1     45     46  -0.178865
  893     25      1     45     48  -0.172423
  894     25      1     45     49  -0.035970
  895     25      1     45     51  -0.167886
  896     25      1     28      0  -0.047801
  897     25      1     27      0  -0.132956
  898     25      1     27      1  -0.071599
  899     25      1     27      2  -0.129466
  900     26      0     26      0  -0.143991
  901     26      0     46      0  -0.001916
  902     26      0     45      0  -0.001605
  903     26      0     45      1  -0.001810
  904     26      0     45      3  -0.000871
  905     26      0     45      6  -0.000880
  906     26      0     45     15  -0.003009
  907     26      0     45     34  -0.002273
  908     26      0     45     38  -0.002182
  909     26      0     45     41  -0.026508
  910     26      0     45     43  -0.019890
  911     26      0     45     45  -0.001902
  912     26      0     45     46  -0.024243
  913     26      0     45     48  -0.017608
  914     26      0     45     49  -0.001848
  915     26      0     45     51  -0.020585
  916     26      0     28      0  -0.805175
  917     26      0     27      0  -0.087621
  918     26      0     27      1  -0.100092
  919     26      0     27      2  -0.121659
  920     27      0     27      0  -1.264998
  921     27      0     44      0  -0.030301
  922     27      0     44      1  -0.025245
  923     27      0     44      2  -0.077799
  924     27      0     46      0  -0.048809
  925     27      0     37      0  -0.272220
  926     27      0     37      1  -0.250917
  927     27      0     37      3  -0.100080
  928     27      0     37      4  -0.284532
  929     27      0     37      6  -0.264791
  930     27      0     37      7  -0.108136
  931     27      0     45      0  -1.030604
  932     27      0     45      1  -1.127371
  933     27      0     45      3  -0.520236
  934     27      0     45      6  -0.535383
  935     27      0     45     15  -0.961218
  936     27      0     45     34  0.521184
  937     27      0     45     38  3.306617
  938     27      0     45     41  32842.038517
  939     27      0     45     43  88.564147
  940     27      0     45     45  0.266946
  941     27      0     45     46  734.465340
  942     27      0     45     48  1526.107888
  943     27      0     45     49  -1.179734
  944     27      0     45     51  132.544239
  945     27      0     28      0  -0.159804
  946     27      0     29      0  -0.130007
  947     27      0     29      1  -0.421560
  948     27      0     29      2  -0.290331
  949     27      0     48      0  -0.029539
  950     27      0     48      1  -0.074943
  951     27      0     48      2  -0.017347
  952     27      1     27      1  31.615995
  953     27      1     44      0  -0.013791
  954     27      1     44      1  -0.011128
  955     27      1     44      2  -0.032354
  956     27      1     46      0  -0.032608
  957     27      1     37      0  -0.267976
  958     27      1     37      1  -0.245098
  959     27      1     37      3  -0.097359
  960     27      1     37      4  -0.256385
  961     27      1     37      6  -0.228526
  962     27      1     37      7  -0.096801
  963     27      1     45      0  -0.754614
  964     27      1     45      1  -0.816988
  965     27      1     45      3  -0.334338
  966     27      1     45      6  -0.345848
  967     27      1     45     15  -0.519715
  968     27      1     45     34  0.792667
  969     27      1     45     38  3.554009
  970     27      1     45     41  4.430542
  971     27      1     45     43  77.438380
  972     27      1     45     45  0.492068
  973     27      1     45     46  0.259808
  974     27      1     45     48  1495.055164
  975     27      1     45     49  -0.946145
  976     27      1     45     51  0.107258
  977     27      1     28      0  -0.199835
  978     27      1     29      0  -0.132141
  979     27      1     29      1  -0.415515
  980     27      1     29      2  -0.302373
  981     27      1     48      0  -0.028391
  982     27      1     48      1  -0.071706
  983     27      1     48      2  -0.016574
  984     27      2     27      2  37.024540
  985     27      2     44      0  -0.028876
  986     27      2     44      1  -0.022428
  987     27      2     44      2  -0.072802
  988     27      2     46      0  -0.037175
  989     27      2     37      0  -0.104659
  990     27      2     37      1  -0.094906
  991     27      2     37      3  -0.047505
  992     27      2     37      4  -0.154124
  993     27      2     37      6  -0.148913
  994     27      2     37      7  -0.065337
  995     27      2     45      0  -0.718951
  996     27      2     45      1  -0.827686
  997     27      2     45      3  -0.367086
  998     27      2     45      6  -0.376059
  999     27      2     45     15  -0.779719
 1000     27      2     45     34  -0.732237
 1001     27      2     45     38  -0.735205
 1002     27      2     45     41  32807.890614
 1003     27      2     45     43  12.371444
 1004     27      2     45     45  -0.654263
 1005     27      2     45     46  747.131055
 1006     27      2     45     48  8.823377
 1007     27      2     45     49  -0.582172
 1008     27      2     45     51  138.968332
 1009     27      2     28      0  -0.163694
 1010     27      2     29      0  -0.044623
 1011     27      2     29      1  -0.140803
 1012     27      2     29      2  -0.098534
 1013     27      2     48      0  -0.013520
 1014     27      2     48      1  -0.031313
 1015     27      2     48      2  -0.007282
 1016     28      0     28      0  -0.537714
 1017     28      0     46      0  -0.014112
 1018     28      0     45      0  -0.002938
 1019     28      0     45      1  -0.002977
 1020     28      0     45      3  -0.001261
 1021     28      0     45      6  -0.001316
 1022     28      0     45     15  -0.001336
 1023     28      0     45     34  -0.023522
 1024     28      0     45     38  -0.024317
 1025     28      0     45     41  -0.024042
 1026     28      0     45     43  -0.064574
 1027     28      0     45     45  -0.023769
 1028     28      0     45     46  -0.022399
 1029     28      0     45     48  -0.063345
 1030     28      0     45     49  -0.020434
 1031     28      0     45     51  -0.021329
 1032     28      0     29      0  -0.044502
 1033     28      0     29      1  -0.077537
 1034     28      0     29      2  -0.061986
 1035     28      0     30      0  -0.049900
 1036     28      0     48      0  -0.008823
 1037     28      0     48      1  -0.037266
 1038     28      0     48      2  -0.006967
 1039     29      0     29      0  -1.908311
 1040     29      0     46      0  -0.018804
 1041     29      0     47      0  -0.006511
 1042     29      0     37      0  -0.841634
 1043     29      0     37      1  -0.846345
 1044     29      0     37      3  -0.495631
 1045     29      0     37      4  -0.142268
 1046     29      0     37      6  -0.137641
 1047     29      0     37      7  -0.111669
 1048     29      0     38      1  -0.003647
 1049     29      0     45      0  -0.061648
 1050     29      0     45      1  -0.058669
 1051     29      0     45      3  -0.053248
 1052     29      0     45      6  -0.055218
 1053     29      0     45     15  -0.040021
 1054     29      0     45     34  -0.841960
 1055     29      0     45     38  -0.814555
 1056     29      0     45     41  -0.063579
 1057     29      0     45     43  -0.339070
 1058     29      0     45     45  -0.782323
 1059     29      0     45     46  -0.063410
 1060     29      0     45     48  -0.324196
 1061     29      0     45     49  -0.626921
 1062     29      0     45     51  -0.063459
 1063     29      0     49      0  -0.017888
 1064     29      0     30      0  -0.115951
 1065     29      0     48      0  30668.398526
 1066     29      0     48      1  17.871430
 1067     29      0     48      2  4.410575
 1068     29      0     31      0  -0.593756
 1069     29      0     32      0  -0.009720
 1070     29      0     33      0  -0.078343
 1071     29      0     33      1  -0.021821
 1072     29      0     33      2  -0.040011
 1073     29      0     50      0  -0.025832
 1074     29      0     50      1  -0.010540
 1075     29      0     50      2  -0.009763
 1076     29      1     29      1  0.827973
 1077     29      1     46      0  -0.065582
 1078     29      1     47      0  -0.013535
 1079     29      1     37      0  -0.868404
 1080     29      1     37      1  1.489009
 1081     29      1     37      3  -0.714627
 1082     29      1     37      4  -0.228339
 1083     29      1     37      6  -0.229452
 1084     29      1     37      7  -0.153805
 1085     29      1     38      1  -0.003967
 1086     29      1     45      0  -0.184133
 1087     29      1     45      1  -0.176643
 1088     29      1     45      3  -0.157708
 1089     29      1     45      6  -0.162349
 1090     29      1     45     15  -0.141459
 1091     29      1     45     34  49.850943
 1092     29      1     45     38  104.092190
 1093     29      1     45     41  -0.268073
 1094     29      1     45     43  19.926775
 1095     29      1     45     45  1302.711483
 1096     29      1     45     46  -0.267305
 1097     29      1     45     48  7.132056
 1098     29      1     45     49  331.823529
 1099     29      1     45     51  -0.266980
 1100     29      1     49      0  -0.013833
 1101     29      1     30      0  -0.063396
 1102     29      1     48      0  5.417535
 1103     29      1     48      1  1139.613835
 1104     29      1     48      2  0.511218
 1105     29      1     31      0  -0.107501
 1106     29      1     32      0  -0.002569
 1107     29      1     33      0  -0.023938
 1108     29      1     33      1  -0.009263
 1109     29      1     33      2  -0.018094
 1110     29      1     50      0  -0.009073
 1111     29      1     50      1  -0.002780
 1112     29      1     50      2  -0.002731
 1113     29      2     29      2  36.529561
 1114     29      2     46      0  -0.013618
 1115     29      2     47      0  -0.001749
 1116     29      2     37      0  21.638448
 1117     29      2     37      1  24.710201
 1118     29      2     37      3  -0.939559
 1119     29      2     37      4  -0.283510
 1120     29      2     37      6  -0.251176
 1121     29      2     37      7  -0.188781
 1122     29      2     38      1  -0.002548
 1123     29      2     45      0  -0.127123
 1124     29      2     45      1  -0.115898
 1125     29      2     45      3  -0.076941
 1126     29      2     45      6  -0.081424
 1127     29      2     45     15  -0.064877
 1128     29      2     45     34  -0.901619
 1129     29      2     45     38  -0.922261
 1130     29      2     45     41  -0.103217
 1131     29      2     45     43  -0.494572
 1132     29      2     45     45  -0.814385
 1133     29      2     45     46  -0.102971
 1134     29      2     45     48  -0.505813
 1135     29      2     45     49  -0.535577
 1136     29      2     45     51  -0.103553
 1137     29      2     49      0  -0.007742
 1138     29      2     30      0  -0.072831
 1139     29      2     48      0  3.255070
 1140     29      2     48      1  7.093248
 1141     29      2     48      2  -0.391081
 1142     29      2     31      0  -0.127647
 1143     29      2     32      0  -0.009674
 1144     29      2     33      0  -0.042636
 1145     29      2     33      1  -0.016945
 1146     29      2     33      2  -0.042080
 1147     29      2     50      0  -0.011871
 1148     29      2     50      1  -0.005579
 1149     29      2     50      2  -0.003361
 1150     30      0     30      0  -0.149749
 1151     30      0     48      0  -0.049709
 1152     30      0     48      1  -0.048985
 1153     30      0     48      2  -0.052334
 1154     30      0     31      0  -0.132913
 1155     30      0     32      0  -0.007126
 1156     31      0     31      0  -1.199019
 1157     31      0     37      0  -0.144726
 1158     31      0     37      1  -0.092359
 1159     31      0     37      3  -0.166794
 1160     31      0     37      4  -0.017270
 1161     31      0     37      6  -0.017845
 1162     31      0     37      7  -0.016672
 1163     31      0     38      1  -0.003093
 1164     31      0     49      0  -0.037667
 1165     31      0     48      0  -0.861500
 1166     31      0     48      1  -0.217773
 1167     31      0     48      2  -0.547301
 1168     31      0     32      0  -0.101824
 1169     31      0     33      0  -0.110022
 1170     31      0     33      1  -0.163531
 1171     31      0     33      2  -0.172294
 1172     31      0     50      0  -0.449719
 1173     31      0     50      1  -0.115104
 1174     31      0     50      2  -0.118764
 1175     32      0     32      0  -0.254762
 1176     32      0     33      0  -0.100805
 1177     32      0     33      1  -0.069278
 1178     32      0     33      2  -0.101810
 1179     32      0     50      0  -0.025674
 1180     32      0     50      1  -0.012059
 1181     32      0     50      2  -0.005145
 1182     32      0     34      0  -0.076481
 1183     33      0     33      0  -1.676547
 1184     33      0     37      0  -0.451379
 1185     33      0     37      1  -0.359613
 1186     33      0     37      3  -0.593745
 1187     33      0     37      4  -0.081562
 1188     33      0     37      6  -0.085307
 1189     33      0     37      7  -0.087737
 1190     33      0     38      1  -0.014140
 1191     33      0     49      0  -0.025980
 1192     33      0     48      0  -0.080305
 1193     33      0     48      1  -0.019046
 1194     33      0     48      2  -0.021706
 1195     33      0     50      0  971.455625
 1196     33      0     50      1  3.971662
 1197     33      0     50      2  1.667474
 1198     33      0     34      0  -0.067395
 1199     33      0     35      0  -0.051522
 1200     33      1     33      1  9.615902
 1201     33      1     37      0  -0.199025
 1202     33      1     37      1  -0.197262
 1203     33      1     37      3  -0.276371
 1204     33      1     37      4  -0.061875
 1205     33      1     37      6  -0.066149
 1206     33      1     37      7  -0.071172
 1207     33      1     38      1  -0.017210
 1208     33      1     49      0  -0.016563
 1209     33      1     48      0  -0.020405
 1210     33      1     48      1  -0.005146
 1211     33      1     48      2  -0.005325
 1212     33      1     50      0  23.607719
 1213     33      1     50      1  17919.178657
 1214     33      1     50      2  26.341576
 1215     33      1     34      0  -0.144292
 1216     33      1     35      0  -0.225292
 1217     33      2     33      2  31.517624
 1218     33      2     37      0  -0.568893
 1219     33      2     37      1  -0.422941
 1220     33      2     37      3  -0.495056
 1221     33      2     37      4  -0.166763
 1222     33      2     37      6  -0.189529
 1223     33      2     37      7  -0.196427
 1224     33      2     38      1  -0.010462
 1225     33      2     49      0  -0.011403
 1226     33      2     48      0  -0.029464
 1227     33      2     48      1  -0.009507
 1228     33      2     48      2  -0.009078
 1229     33      2     50      0  1.687292
 1230     33      2     50      1  1.672694
 1231     33      2     50      2  -0.381302
 1232     33      2     34      0  -0.075442
 1233     33      2     35      0  -0.086998
 1234     34      0     34      0  -0.101630
 1235     34      0     50      0  -0.044215
 1236     34      0     50      1  -0.107200
 1237     34      0     50      2  -0.034916
 1238     34      0     35      0  -0.634555
 1239     35      0     35      0  -2.084134
 1240     35      0     37      0  -0.004796
 1241     35      0     37      1  -0.005298
 1242     35      0     37      3  -0.007499
 1243     35      0     37      4  -0.004610
 1244     35      0     37      6  -0.005442
 1245     35      0     37      7  -0.008172
 1246     35      0     38      1  -0.002743
 1247     35      0     52      0  -0.043716
 1248     35      0     50      0  -0.041665
 1249     35      0     50      1  -0.202556
 1250     35      0     50      2  -0.052101
 1251     37      0     37      0  -2.572946
 1252     37      0     44      0  -0.002168
 1253     37      0     44      1  -0.003585
 1254     37      0     44      2  -0.006412
 1255     37      0     46      0  -0.010982
 1256     37      0     47      0  -0.003209
 1257     37      0     38      1  -0.081174
 1258     37      0     39      0  -0.069124
 1259     37      0     39      1  -0.019944
 1260     37      0     45      0  -1.498543
 1261     37      0     45      1  -1.753325
 1262     37      0     45      3  4.130024
 1263     37      0     45      6  44.517215
 1264     37      0     45     15  -0.818534
 1265     37      0     45     34  7.456906
 1266     37      0     45     38  7.650519
 1267     37      0     45     41  -0.656172
 1268     37      0     45     43  -1.017481
 1269     37      0     45     45  31.250132
 1270     37      0     45     46  -0.660551
 1271     37      0     45     48  -1.027570
 1272     37      0     45     49  974.564511
 1273     37      0     45     51  -0.662438
 1274     37      0     49      0  -0.062917
 1275     37      0     48      0  -0.555557
 1276     37      0     48      1  -0.273103
 1277     37      0     48      2  -0.163255
 1278     37      0     50      0  -0.102217
 1279     37      0     50      1  -0.071640
 1280     37      0     50      2  -0.052049
 1281     37      1     37      1  29.723885
 1282     37      1     44      0  -0.002297
 1283     37      1     44      1  -0.003731
 1284     37      1     44      2  -0.008109
 1285     37      1     46      0  -0.013439
 1286     37      1     47      0  -0.004167
 1287     37      1     38      1  -0.078786
 1288     37      1     39      0  -0.069375
 1289     37      1     39      1  -0.020024
 1290     37      1     45      0  -1.672414
 1291     37      1     45      1  -1.637483
 1292     37      1     45      3  5.860472
 1293     37      1     45      6  51.582909
 1294     37      1     45     15  -0.819105
 1295     37      1     45     34  169.946903
 1296     37      1     45     38  113.013318
 1297     37      1     45     41  -0.674247
 1298     37      1     45     43  -0.582206
 1299     37      1     45     45  198.026537
 1300     37      1     45     46  -0.677655
 1301     37      1     45     48  -0.947324
 1302     37      1     45     49  222070.749990
 1303     37      1     45     51  -0.678487
 1304     37      1     49      0  -0.054319
 1305     37      1     48      0  -0.516512
 1306     37      1     48      1  -0.290864
 1307     37      1     48      2  -0.149772
 1308     37      1     50      0  -0.073593
 1309     37      1     50      1  -0.058463
 1310     37      1     50      2  -0.040266
 1311     37      3     37      3  45.018501
 1312     37      3     44      0  -0.001231
 1313     37      3     44      1  -0.002609
 1314     37      3     44      2  -0.004556
 1315     37      3     46      0  -0.009051
 1316     37      3     47      0  -0.003640
 1317     37      3     38      1  -0.093297
 1318     37      3     39      0  -0.066163
 1319     37      3     39      1  -0.018588
 1320     37      3     45      0  -1.231346
 1321     37      3     45      1  -1.224077
 1322     37      3     45      3  5.487328
 1323     37      3     45      6  48.949850
 1324     37      3     45     15  -0.586475
 1325     37      3     45     34  0.617711
 1326     37      3     45     38  0.376106
 1327     37      3     45     41  -0.402129
 1328     37      3     45     43  -0.632609
 1329     37      3     45     45  0.388755
 1330     37      3     45     46  -0.404425
 1331     37      3     45     48  -0.587151
 1332     37      3     45     49  3.202118
 1333     37      3     45     51  -0.404066
 1334     37      3     49      0  -0.084063
 1335     37      3     48      0  -0.346673
 1336     37      3     48      1  -0.261020
 1337     37      3     48      2  -0.184728
 1338     37      3     50      0  -0.131966
 1339     37      3     50      1  -0.092869
 1340     37      3     50      2  -0.067610
 1341     37      4     37      4  49.886687
 1342     37      4     44      0  -0.013870
 1343     37      4     44      1  -0.019624
 1344     37      4     44      2  -0.024976
 1345     37      4     46      0  -0.012994
 1346     37      4     47      0  -0.001973
 1347     37      4     38      1  -0.142391
 1348     37      4     39      0  -0.622112
 1349     37      4     39      1  -0.172839
 1350     37      4     45      0  23037.706718
 1351     37      4     45      1  2190.033697
 1352     37      4     45      3  3072630526307.425293
 1353     37      4     45      6  36258942.030929
 1354     37      4     45     15  183.986862
 1355     37      4     45     34  142.599219
 1356     37      4     45     38  142.535034
 1357     37      4     45     41  0.921321
 1358     37      4     45     43  0.804195
 1359     37      4     45     45  142.619100
 1360     37      4     45     46  0.884387
 1361     37      4     45     48  0.839080
 1362     37      4     45     49  142.577197
 1363     37      4     45     51  0.900504
 1364     37      4     49      0  -0.046421
 1365     37      4     48      0  -0.098710
 1366     37      4     48      1  -0.066092
 1367     37      4     48      2  -0.038164
 1368     37      4     50      0  -0.029558
 1369     37      4     50      1  -0.029282
 1370     37      4     50      2  -0.018826
 1371     37      6     37      6  79.876190
 1372     37      6     44      0  -0.012177
 1373     37      6     44      1  -0.017082
 1374     37      6     44      2  -0.024911
 1375     37      6     46      0  -0.013731
 1376     37      6     47      0  -0.002793
 1377     37      6     38      1  -0.103816
 1378     37      6     39      0  -0.374288
 1379     37      6     39      1  -0.094035
 1380     37      6     45      0  2981862.412685
 1381     37      6     45      1  9308238.682441
 1382     37      6     45      3  1806.413363
 1383     37      6     45      6  6788.372780
 1384     37      6     45     15  7003.871570
 1385     37      6     45     34  66104.817895
 1386     37      6     45     38  66107.260863
 1387     37      6     45     41  247.676026
 1388     37      6     45     43  242.850933
 1389     37      6     45     45  66067.692817
 1390     37      6     45     46  247.667842
 1391     37      6     45     48  242.872876
 1392     37      6     45     49  66065.817076
 1393     37      6     45     51  247.659925
 1394     37      6     49      0  -0.041788
 1395     37      6     48      0  -0.099355
 1396     37      6     48      1  -0.067913
 1397     37      6     48      2  -0.037804
 1398     37      6     50      0  -0.029811
 1399     37      6     50      1  -0.029780
 1400     37      6     50      2  -0.018794
 1401     37      7     37      7  93.217361
 1402     37      7     44      0  -0.009577
 1403     37      7     44      1  -0.014804
 1404     37      7     44      2  -0.018524
 1405     37      7     46      0  -0.008316
 1406     37      7     47      0  -0.001185
 1407     37      7     38      1  -0.180683
 1408     37      7     39      0  -0.737039
 1409     37      7     39      1  -0.197771
 1410     37      7     45      0  60.982971
 1411     37      7     45      1  477.310751
 1412     37      7     45      3  1289965.620534
 1413     37      7     45      6  944499.062207
 1414     37      7     45     15  8.773824
 1415     37      7     45     34  13.744110
 1416     37      7     45     38  13.782150
 1417     37      7     45     41  -0.944323
 1418     37      7     45     43  -1.002660
 1419     37      7     45     45  13.777585
 1420     37      7     45     46  -0.956113
 1421     37      7     45     48  -0.972243
 1422     37      7     45     49  13.740725
 1423     37      7     45     51  -0.940313
 1424     37      7     49      0  -0.049609
 1425     37      7     48      0  -0.087080
 1426     37      7     48      1  -0.053443
 1427     37      7     48      2  -0.032116
 1428     37      7     50      0  -0.032136
 1429     37      7     50      1  -0.033416
 1430     37      7     50      2  -0.021883
 1431     38      1     38      1  2.774721
 1432     38      1     44      0  -0.002075
 1433     38      1     44      1  -0.009711
 1434     38      1     44      2  -0.002178
 1435     38      1     46      0  -0.002233
 1436     38      1     47      0  -0.027540
 1437     38      1     39      0  -0.115951
 1438     38      1     39      1  -0.093244
 1439     38      1     40      0  -0.054909
 1440     38      1     40      2  -0.053976
 1441     38      1     40      3  -0.248372
 1442     38      1     45      0  -0.046279
 1443     38      1     45      1  -0.047037
 1444     38      1     45      3  -0.229949
 1445     38      1     45      6  -0.212800
 1446     38      1     45     15  -0.041171
 1447     38      1     45     34  -0.071842
 1448     38      1     45     38  -0.072573
 1449     38      1     45     41  -0.021843
 1450     38      1     45     43  -0.023946
 1451     38      1     45     45  -0.071613
 1452     38      1     45     46  -0.021497
 1453     38      1     45     48  -0.023334
 1454     38      1     45     49  -0.066687
 1455     38      1     45     51  -0.021201
 1456     38      1     49      0  1.223793
 1457     38      1     52      0  -0.253656
 1458     38      1     48      0  -0.014043
 1459     38      1     48      1  -0.007912
 1460     38      1     48      2  -0.007876
 1461     38      1     50      0  -0.033567
 1462     38      1     50      1  -0.040237
 1463     38      1     50      2  -0.051795
 1464     39      0     39      0  -1.368104
 1465     39      0     42      0  -0.010213
 1466     39      0     42      1  -0.010331
 1467     39      0     41      0  -0.014401
 1468     39      0     44      0  -0.041228
 1469     39      0     44      1  -0.050470
 1470     39      0     44      2  -0.039379
 1471     39      0     46      0  -0.001954
 1472     39      0     40      0  -0.139315
 1473     39      0     40      2  -0.155339
 1474     39      0     40      3  -0.080962
 1475     39      0     45      0  -1.063882
 1476     39      0     45      1  -0.954459
 1477     39      0     45      3  113.905770
 1478     39      0     45      6  79.861468
 1479     39      0     45     15  -1.376324
 1480     39      0     45     34  -0.145009
 1481     39      0     45     38  -0.145086
 1482     39      0     45     41  -0.209499
 1483     39      0     45     43  -0.120919
 1484     39      0     45     45  -0.145192
 1485     39      0     45     46  -0.201836
 1486     39      0     45     48  -0.120657
 1487     39      0     45     49  -0.145097
 1488     39      0     45     51  -0.183606
 1489     39      0     49      0  -0.007005
 1490     39      1     39      1  3.256945
 1491     39      1     42      0  -0.103997
 1492     39      1     42      1  -0.103751
 1493     39      1     41      0  -0.065644
 1494     39      1     44      0  -0.120170
 1495     39      1     44      1  -0.134980
 1496     39      1     44      2  -0.093893
 1497     39      1     46      0  -0.002301
 1498     39      1     40      0  -0.528536
 1499     39      1     40      2  -0.580665
 1500     39      1     40      3  -0.175274
 1501     39      1     45      0  -0.280650
 1502     39      1     45      1  -0.265032
 1503     39      1     45      3  -0.510894
 1504     39      1     45      6  0.017230
 1505     39      1     45     15  -0.533484
 1506     39      1     45     34  -0.072541
 1507     39      1     45     38  -0.071942
 1508     39      1     45     41  -0.125187
 1509     39      1     45     43  -0.065228
 1510     39      1     45     45  -0.072736
 1511     39      1     45     46  -0.114997
 1512     39      1     45     48  -0.065766
 1513     39      1     45     49  -0.072774
 1514     39      1     45     51  -0.106584
 1515     39      1     49      0  -0.004652
 1516     40      0     40      0  -0.141093
 1517     40      0     42      0  -0.682402
 1518     40      0     42      1  -0.736769
 1519     40      0     41      0  -1.012917
 1520     40      0     44      0  -0.881739
 1521     40      0     44      1  2012.064654
 1522     40      0     44      2  -0.745647
 1523     40      0     46      0  -0.054916
 1524     40      0     47      0  -0.026738
 1525     40      0     45      0  -0.040632
 1526     40      0     45      1  -0.040092
 1527     40      0     45      3  -0.069287
 1528     40      0     45      6  -0.072445
 1529     40      0     45     15  -0.069282
 1530     40      0     45     34  -0.030607
 1531     40      0     45     38  -0.030111
 1532     40      0     45     41  -0.048378
 1533     40      0     45     43  -0.033066
 1534     40      0     45     45  -0.029931
 1535     40      0     45     46  -0.046160
 1536     40      0     45     48  -0.032847
 1537     40      0     45     49  -0.030422
 1538     40      0     45     51  -0.047782
 1539     40      0     49      0  -0.005157
 1540     40      2     40      2  19.485995
 1541     40      2     42      0  -0.726195
 1542     40      2     42      1  -0.792719
 1543     40      2     41      0  -1.039993
 1544     40      2     44      0  -0.951494
 1545     40      2     44      1  143.938328
 1546     40      2     44      2  -0.784782
 1547     40      2     46      0  -0.047247
 1548     40      2     47      0  -0.024780
 1549     40      2     45      0  -0.042003
 1550     40      2     45      1  -0.041379
 1551     40      2     45      3  -0.073840
 1552     40      2     45      6  -0.077656
 1553     40      2     45     15  -0.074740
 1554     40      2     45     34  -0.031016
 1555     40      2     45     38  -0.030527
 1556     40      2     45     41  -0.050075
 1557     40      2     45     43  -0.032811
 1558     40      2     45     45  -0.030847
 1559     40      2     45     46  -0.047452
 1560     40      2     45     48  -0.033134
 1561     40      2     45     49  -0.030732
 1562     40      2     45     51  -0.048901
 1563     40      2     49      0  -0.004459
 1564     40      3     40      3  27.076707
 1565     40      3     42      0  -0.101113
 1566     40      3     42      1  -0.112523
 1567     40      3     41      0  -0.737919
 1568     40      3     44      0  -0.179047
 1569     40      3     44      1  -0.737595
 1570     40      3     44      2  -0.203065
 1571     40      3     46      0  -0.094270
 1572     40      3     47      0  -0.137397
 1573     40      3     45      0  -0.030661
 1574     40      3     45      1  -0.030522
 1575     40      3     45      3  -0.064363
 1576     40      3     45      6  -0.065490
 1577     40      3     45     15  -0.044461
 1578     40      3     45     34  -0.035324
 1579     40      3     45     38  -0.035468
 1580     40      3     45     41  -0.033257
 1581     40      3     45     43  -0.029789
 1582     40      3     45     45  -0.036889
 1583     40      3     45     46  -0.032941
 1584     40      3     45     48  -0.030068
 1585     40      3     45     49  -0.036168
 1586     40      3     45     51  -0.033584
 1587     40      3     49      0  -0.024173
 1588     41      0     41      0  -0.163346
 1589     41      0     42      0  -0.775957
 1590     41      0     42      1  -0.890422
 1591     41      0     44      0  -0.027790
 1592     41      0     44      1  -0.066219
 1593     41      0     44      2  -0.018849
 1594     42      0     42      0  -0.749991
 1595     42      0     44      0  -0.328283
 1596     42      0     44      1  -0.232760
 1597     42      0     44      2  -0.105844
 1598     42      0     46      0  -0.001086
 1599     42      1     42      1  2.899828
 1600     42      1     44      0  -0.318131
 1601     42      1     44      1  -0.234716
 1602     42      1     44      2  -0.104360
 1603     42      1     46      0  -0.001084
 1604     44      0     44      0  -1.980768
 1605     44      0     46      0  -0.099264
 1606     44      0     47      0  -0.007020
 1607     44      0     45      0  -0.088403
 1608     44      0     45      1  -0.088236
 1609     44      0     45      3  -0.098140
 1610     44      0     45      6  -0.098711
 1611     44      0     45     15  -0.243502
 1612     44      0     45     34  -0.062820
 1613     44      0     45     38  -0.061780
 1614     44      0     45     41  -0.266148
 1615     44      0     45     43  -0.115328
 1616     44      0     45     45  -0.061996
 1617     44      0     45     46  -0.266162
 1618     44      0     45     48  -0.118094
 1619     44      0     45     49  -0.064115
 1620     44      0     45     51  -0.324761
 1621     44      1     44      1  18.827624
 1622     44      1     46      0  -0.208790
 1623     44      1     47      0  -0.025060
 1624     44      1     45      0  -0.102383
 1625     44      1     45      1  -0.102144
 1626     44      1     45      3  -0.122321
 1627     44      1     45      6  -0.123319
 1628     44      1     45     15  -0.240222
 1629     44      1     45     34  -0.080397
 1630     44      1     45     38  -0.079386
 1631     44      1     45     41  -0.249302
 1632     44      1     45     43  -0.130406
 1633     44      1     45     45  -0.080381
 1634     44      1     45     46  -0.245822
 1635     44      1     45     48  -0.134803
 1636     44      1     45     49  -0.084336
 1637     44      1     45     51  -0.295409
 1638     44      2     44      2  23.766666
 1639     44      2     46      0  -0.418150
 1640     44      2     47      0  -0.018636
 1641     44      2     45      0  -0.163540
 1642     44      2     45      1  -0.164758
 1643     44      2     45      3  -0.176848
 1644     44      2     45      6  -0.176963
 1645     44      2     45     15  -0.400318
 1646     44      2     45     34  -0.147172
 1647     44      2     45     38  -0.142738
 1648     44      2     45     41  -0.595233
 1649     44      2     45     43  -0.339092
 1650     44      2     45     45  -0.143253
 1651     44      2     45     46  -0.637647
 1652     44      2     45     48  -0.356577
 1653     44      2     45     49  -0.156226
 1654     44      2     45     51  -0.661440
 1655     45      0     45      0  -2.180811
 1656     45      0     46      0  -0.057661
 1657     45      0     47      0  -0.006984
 1658     45      0     49      0  -0.015885
 1659     45      0     48      0  -0.040592
 1660     45      0     48      1  -0.052199
 1661     45      0     48      2  -0.021962
 1662     45      1     45      1  1.251806
 1663     45      1     46      0  -0.058839
 1664     45      1     47      0  -0.007088
 1665     45      1     49      0  -0.016002
 1666     45      1     48      0  -0.039918
 1667     45      1     48      1  -0.051751
 1668     45      1     48      2  -0.020542
 1669     45      3     45      3  47.961475
 1670     45      3     46      0  -0.066427
 1671     45      3     47      0  -0.012396
 1672     45      3     49      0  -0.048959
 1673     45      3     48      0  -0.050650
 1674     45      3     48      1  -0.058427
 1675     45      3     48      2  -0.028937
 1676     45      6     45      6  23.378925
 1677     45      6     46      0  -0.065122
 1678     45      6     47      0  -0.011647
 1679     45      6     49      0  -0.044185
 1680     45      6     48      0  -0.050701
 1681     45      6     48      1  -0.058356
 1682     45      6     48      2  -0.028476
 1683     45     15     45     15  24.687236
 1684     45     15     46      0  -0.074315
 1685     45     15     47      0  -0.007830
 1686     45     15     49      0  -0.013495
 1687     45     15     48      0  -0.031610
 1688     45     15     48      1  -0.045754
 1689     45     15     48      2  -0.018555
 1690     45     34     45     34  39.247874
 1691     45     34     46      0  -0.209315
 1692     45     34     47      0  -0.039271
 1693     45     34     49      0  -0.067466
 1694     45     34     48      0  -0.689226
 1695     45     34     48      1  -0.809973
 1696     45     34     48      2  -0.409241
 1697     45     38     45     38  47.878339
 1698     45     38     46      0  -0.202744
 1699     45     38     47      0  -0.043110
 1700     45     38     49      0  -0.070286
 1701     45     38     48      0  -0.716233
 1702     45     38     48      1  -0.857201
 1703     45     38     48      2  -0.415428
 1704     45     41     45     41  48.928755
 1705     45     41     46      0  -0.156635
 1706     45     41     47      0  -0.010188
 1707     45     41     49      0  -0.010583
 1708     45     41     48      0  -0.043687
 1709     45     41     48      1  -0.076547
 1710     45     41     48      2  -0.026319
 1711     45     43     45     43  54.323675
 1712     45     43     46      0  -0.388255
 1713     45     43     47      0  -0.024864
 1714     45     43     49      0  -0.016925
 1715     45     43     48      0  -0.164995
 1716     45     43     48      1  -0.416048
 1717     45     43     48      2  -0.107542
 1718     45     45     45     45  60.374243
 1719     45     45     46      0  -0.224281
 1720     45     45     47      0  -0.047468
 1721     45     45     49      0  -0.064865
 1722     45     45     48      0  -0.706305
 1723     45     45     48      1  -0.950498
 1724     45     45     48      2  -0.430272
 1725     45     46     45     46  61.811332
 1726     45     46     46      0  -0.163875
 1727     45     46     47      0  -0.010940
 1728     45     46     49      0  -0.009928
 1729     45     46     48      0  -0.043692
 1730     45     46     48      1  -0.076529
 1731     45     46     48      2  -0.026326
 1732     45     48     45     48  65.324540
 1733     45     48     46      0  -0.476652
 1734     45     48     47      0  -0.026172
 1735     45     48     49      0  -0.016213
 1736     45     48     48      0  -0.142941
 1737     45     48     48      1  -0.377398
 1738     45     48     48      2  -0.094839
 1739     45     49     45     49  64.927957
 1740     45     49     46      0  -0.274284
 1741     45     49     47      0  -0.041214
 1742     45     49     49      0  -0.055244
 1743     45     49     48      0  -0.738509
 1744     45     49     48      1  -0.937300
 1745     45     49     48      2  -0.424219
 1746     45     51     45     51  68.940415
 1747     45     51     46      0  -0.171522
 1748     45     51     47      0  -0.011804
 1749     45     51     49      0  -0.009929
 1750     45     51     48      0  -0.043692
 1751     45     51     48      1  -0.076384
 1752     45     51     48      2  -0.026323
 1753     46      0     46      0  -1.544753
 1754     46      0     47      0  -1.427841
 1755     46      0     49      0  -0.007764
 1756     46      0     48      0  -0.058500
 1757     46      0     48      1  -0.152972
 1758     46      0     48      2  -0.083578
 1759     47      0     47      0  -0.227867
 1760     47      0     49      0  -0.048640
 1761     47      0     48      0  -0.052563
 1762     47      0     48      1  -0.070196
 1763     47      0     48      2  -0.092637
 1764     48      0     48      0  -1.724772
 1765     48      0     49      0  -0.077974
 1766     48      0     50      0  -0.039597
 1767     48      0     50      1  -0.017359
 1768     48      0     50      2  -0.017938
 1769     48      1     48      1  9.756423
 1770     48      1     49      0  -0.047952
 1771     48      1     50      0  -0.011735
 1772     48      1     50      1  -0.005035
 1773     48      1     50      2  -0.005431
 1774     48      2     48      2  45.251447
 1775     48      2     49      0  -0.066186
 1776     48      2     50      0  -0.016164
 1777     48      2     50      1  -0.006254
 1778     48      2     50      2  -0.008958
 1779     49      0     49      0  -1.036852
 1780     49      0     52      0  -0.016995
 1781     49      0     50      0  -0.067732
 1782     49      0     50      1  -0.055193
 1783     49      0     50      2  -0.087691
 1784     50      0     50      0  -1.487108
 1785     50      0     52      0  -0.015283
 1786     50      1     50      1  4.685775
 1787     50      1     52      0  -0.031409
 1788     50      2     50      2  25.137438
 1789     50      2     52      0  -0.050543
 1790     52      0     52      0  -0.290995
