    1    111      0    111      0  -1.513922
    2    111      0    116      0  -0.016941
    3    111      0    117      0  -0.243860
    4    111      0    112      0  -0.211707
    5    112      0    112      0  -1.301135
    6     64      0     64      0  -0.585189
    7     64      0     65      0  -0.072538
    8     64      0     87      0  -0.007410
    9     64      0     69      0  -0.003888
   10     64      0     69      2  -0.002397
   11     64      0     69      3  -0.002318
   12     64      0    116      0  -0.006200
   13     64      0     68      0  -0.246460
   14     64      0    110      0  -0.002275
   15     64      0     66      0  -0.020985
   16     65      0     65      0  -1.305564
   17     65      0     87      0  -0.551417
   18     65      0     88      1  -0.616884
   19     65      0     69      0  -0.254145
   20     65      0     69      2  -0.072959
   21     65      0     69      3  -0.074429
   22     65      0     84      0  -0.028347
   23     65      0     84      1  -0.060418
   24     65      0     68      0  -0.118166
   25     65      0     66      0  -0.110882
   26     65      0     70      0  -0.000914
   27     66      0     66      0  -0.446502
   28     66      0     87      0  -0.010884
   29     66      0     69      0  -0.171032
   30     66      0     69      2  -0.219463
   31     66      0     69      3  -0.223720
   32     66      0     84      0  -0.039791
   33     66      0     84      1  -0.019914
   34     66      0     68      0  -0.021398
   35     66      0     70      0  -0.057780
   36    117      0    117      0  -2.728029
   37    117      0    118      0  -0.118415
   38    117      0    118      2  -0.115344
   39    117      0    118      3  -0.076106
   40    117      0    118      4  -0.113414
   41    117      0    118      5  -0.145285
   42    117      0    118      6  -0.074816
   43    117      0    118      7  -0.074512
   44    117      0    118     10  -0.073607
   45    117      0    118     11  -0.073678
   46    117      0    118     13  -0.147322
   47    117      0    118     14  -0.142968
   48    117      0    118     19  -0.090001
   49    117      0    118     23  -0.093702
   50    117      0    119      0  -0.061177
   51     68      0     68      0  -3.456602
   52     68      0     87      0  -0.515959
   53     68      0     69      0  -0.165500
   54     68      0     69      2  -0.127516
   55     68      0     69      3  -0.111746
   56     68      0     86      0  -0.004814
   57     68      0    111      0  -0.004975
   58     68      0    116      0  -0.004462
   59     68      0    117      0  -0.022099
   60     68      0    110      0  -0.302734
   61     68      0     70      0  -0.018269
   62     68      0     72      0  -0.257041
   63     68      0     73      1  -0.013344
   64     68      0     73      2  -0.005117
   65     68      0     73      4  -0.001914
   66     68      0     73      6  -0.001906
   67     68      0     73      9  -0.007243
   68     68      0    112      0  -0.002538
   69     69      0     69      0  -3.075527
   70     69      0     85      0  -0.012275
   71     69      0     87      0  -0.895793
   72     69      0     88      1  -0.111449
   73     69      0     80      0  -0.404046
   74     69      0     80      1  -0.162031
   75     69      0     80      4  -0.108008
   76     69      0     84      0  -1.192061
   77     69      0     84      1  -0.629849
   78     69      0     86      0  -0.020764
   79     69      0     78      0  -0.011313
   80     69      0     82      0  -0.005238
   81     69      0     70      0  -0.095532
   82     69      0     72      0  -0.133725
   83     69      0     73      1  171.338401
   84     69      0     73      2  -0.424479
   85     69      0     73      4  -0.090037
   86     69      0     73      6  -0.100094
   87     69      0     73      9  -0.797940
   88     69      2     69      2  41.806767
   89     69      2     85      0  -0.014350
   90     69      2     87      0  -0.663200
   91     69      2     88      1  -0.042816
   92     69      2     80      0  -0.434926
   93     69      2     80      1  -0.177957
   94     69      2     80      4  -0.121696
   95     69      2     84      0  -1.020824
   96     69      2     84      1  -0.404348
   97     69      2     86      0  -0.043558
   98     69      2     78      0  -0.026050
   99     69      2     82      0  -0.015374
  100     69      2     70      0  -0.201377
  101     69      2     72      0  -0.227917
  102     69      2     73      1  13.469098
  103     69      2     73      2  -0.526223
  104     69      2     73      4  -0.119274
  105     69      2     73      6  -0.131523
  106     69      2     73      9  -0.989645
  107     69      3     69      3  36.853993
  108     69      3     85      0  -0.013164
  109     69      3     87      0  -0.387310
  110     69      3     88      1  -0.048190
  111     69      3     80      0  -0.634398
  112     69      3     80      1  -0.249168
  113     69      3     80      4  -0.174204
  114     69      3     84      0  58.358370
  115     69      3     84      1  -0.522508
  116     69      3     86      0  -0.020718
  117     69      3     78      0  -0.014982
  118     69      3     82      0  -0.008717
  119     69      3     70      0  -0.204286
  120     69      3     72      0  -0.131678
  121     69      3     73      1  18.389681
  122     69      3     73      2  -0.490339
  123     69      3     73      4  -0.109806
  124     69      3     73      6  -0.121777
  125     69      3     73      9  -1.000476
  126    119      0    119      0  -1.937440
  127    119      0    120      0  -0.154864
  128    119      0    120      1  -0.114310
  129     70      0     70      0  -0.838957
  130     70      0     87      0  -0.003225
  131     70      0     80      0  -0.012680
  132     70      0     80      1  -0.021331
  133     70      0     80      4  -0.016071
  134     70      0     72      0  -0.016242
  135     70      0     73      1  -0.573947
  136     70      0     73      2  -0.169592
  137     70      0     73      4  -0.111106
  138     70      0     73      6  -0.384748
  139     70      0     73      9  -0.609312
  140     72      0     72      0  -2.384528
  141     72      0     87      0  -0.310138
  142     72      0     84      0  -0.008707
  143     72      0     84      1  -0.004344
  144     72      0     76      0  -0.529749
  145     72      0     86      0  -0.136377
  146     72      0     94      0  -0.370625
  147     72      0     78      0  -0.274177
  148     72      0     82      0  -0.018499
  149     72      0    110      0  -0.360431
  150     72      0     95      0  -0.003872
  151     72      0     95      1  -0.044516
  152     72      0    106      0  -0.015989
  153     72      0     73      1  -0.222109
  154     72      0     73      2  -0.188528
  155     72      0     73      4  -0.095055
  156     72      0     73      6  -0.101157
  157     72      0     73      9  -0.191770
  158     73      1     73      1  -4.536519
  159     73      1     87      0  -0.034720
  160     73      1     80      0  5.148169
  161     73      1     80      1  11.515141
  162     73      1     80      4  -1.867134
  163     73      1     84      0  -0.438978
  164     73      1     84      1  -0.077097
  165     73      1     76      0  -0.097648
  166     73      1     86      0  -0.013373
  167     73      1     78      0  -0.204093
  168     73      1     82      0  -0.034278
  169     73      2     73      2  2.048726
  170     73      2     87      0  -0.013617
  171     73      2     80      0  -1.491425
  172     73      2     80      1  144609.397611
  173     73      2     80      4  1569.046383
  174     73      2     84      0  -0.139100
  175     73      2     84      1  -0.024807
  176     73      2     76      0  -0.097842
  177     73      2     86      0  -0.009525
  178     73      2     78      0  -0.209936
  179     73      2     82      0  -0.038104
  180     73      4     73      4  7.439531
  181     73      4     87      0  -0.003697
  182     73      4     80      0  -0.345519
  183     73      4     80      1  -1.335771
  184     73      4     80      4  55.465933
  185     73      4     84      0  -0.034700
  186     73      4     84      1  -0.003283
  187     73      4     76      0  -0.092103
  188     73      4     86      0  -0.002936
  189     73      4     78      0  -0.152821
  190     73      4     82      0  -0.022823
  191     73      6     73      6  8.895783
  192     73      6     87      0  -0.002988
  193     73      6     80      0  -0.163328
  194     73      6     80      1  -0.593475
  195     73      6     80      4  -0.715204
  196     73      6     84      0  -0.022397
  197     73      6     84      1  -0.002362
  198     73      6     76      0  -0.092931
  199     73      6     86      0  -0.002875
  200     73      6     78      0  -0.132405
  201     73      6     82      0  -0.014780
  202     73      9     73      9  7.253485
  203     73      9     87      0  -0.017395
  204     73      9     80      0  -1.557244
  205     73      9     80      1  828967.697192
  206     73      9     80      4  51.584226
  207     73      9     84      0  -0.201810
  208     73      9     84      1  -0.034344
  209     73      9     76      0  -0.092319
  210     73      9     86      0  -0.009173
  211     73      9     78      0  -0.181229
  212     73      9     82      0  -0.028522
  213     76      0     76      0  0.359405
  214     76      0     86      0  -0.042430
  215     76      0     94      0  -0.085184
  216     76      0     78      0  -1.004786
  217     76      0     82      0  -0.035781
  218     76      0     95      0  -0.077196
  219     76      0     95      1  -0.299481
  220     76      0    106      0  -0.052122
  221    120      0    120      0  -1.108146
  222    120      1    120      1  4.562427
  223     78      0     78      0  -1.717460
  224     78      0     85      0  -0.004807
  225     78      0     87      0  -0.008335
  226     78      0     80      0  -0.008616
  227     78      0     80      1  -0.012558
  228     78      0     80      4  -0.015294
  229     78      0     81      0  -0.005607
  230     78      0     84      0  -0.004905
  231     78      0     84      1  -0.002570
  232     78      0     86      0  -0.484499
  233     78      0     94      0  -0.043906
  234     78      0     82      0  -1.322462
  235     80      0     80      0  -0.538402
  236     80      0     85      0  -0.012748
  237     80      0     81      0  -0.223617
  238     80      0     84      0  41.204610
  239     80      0     84      1  -0.312570
  240     80      0     82      0  -0.019417
  241     80      1     80      1  4.513555
  242     80      1     85      0  -0.003848
  243     80      1     81      0  -0.151932
  244     80      1     84      0  -0.794646
  245     80      1     84      1  -0.080668
  246     80      1     82      0  -0.017622
  247     80      4     80      4  43.106954
  248     80      4     85      0  -0.003846
  249     80      4     81      0  -0.152861
  250     80      4     84      0  -0.807923
  251     80      4     84      1  -0.077043
  252     80      4     82      0  -0.019069
  253    106      0    106      0  -2.086775
  254    106      0    111      0  -0.001065
  255    106      0    117      0  -0.016813
  256    106      0    110      0  -0.192698
  257    106      0    107      0  -0.069144
  258    106      0    119      0  -0.024675
  259    106      0    108      0  -0.021571
  260     81      0     81      0  -0.115021
  261     81      0     85      0  -0.145968
  262     81      0     84      0  -0.158169
  263     81      0     84      1  -0.101008
  264     81      0     86      0  -0.003381
  265     81      0     82      0  -0.102303
  266     82      0     82      0  -0.995978
  267     82      0     85      0  -0.104901
  268     82      0     87      0  -0.004374
  269     82      0     84      0  -0.021215
  270     82      0     84      1  -0.015953
  271     82      0     86      0  -0.624901
  272     84      0     84      0  -2.615353
  273     84      0     85      0  -0.186693
  274     84      0     87      0  -0.077522
  275     84      0     88      1  -0.261707
  276     84      0     89      0  -0.002407
  277     84      0     86      0  -0.019157
  278     84      1     84      1  1.069616
  279     84      1     85      0  -0.350788
  280     84      1     87      0  -0.087293
  281     84      1     88      1  -1.193951
  282     84      1     89      0  -0.004761
  283     84      1     86      0  -0.020210
  284     85      0     85      0  -1.851547
  285     85      0     87      0  -0.017651
  286     85      0     88      1  -0.243818
  287     85      0     89      0  -0.060962
  288     85      0     86      0  -0.148228
  289     86      0     86      0  -1.522140
  290     86      0     87      0  -0.149147
  291     86      0     88      1  -0.020005
  292     86      0     89      0  -0.334067
  293     86      0     94      0  -0.301564
  294     87      0     87      0  -2.711164
  295     87      0     88      1  -0.227444
  296     87      0     89      0  -0.029754
  297     87      0     94      0  -0.059875
  298     87      0    110      0  -0.022796
  299     88      1     88      1  -1.508848
  300     88      1     89      0  -0.070030
  301     89      0     89      0  1.681881
  302     89      0     91      0  -0.020328
  303     91      0     91      0  -1.371489
  304     91      0     94      0  -0.005567
  305     91      0    116      0  -0.018373
  306     91      0    118      0  -0.032567
  307     91      0    118      2  -0.033298
  308     91      0    118      3  -0.015909
  309     91      0    118      4  -0.040600
  310     91      0    118      5  -0.010165
  311     91      0    118      6  -0.015188
  312     91      0    118      7  -0.015998
  313     91      0    118     10  -0.014653
  314     91      0    118     11  -0.013497
  315     91      0    118     13  -0.010166
  316     91      0    118     14  -0.010338
  317     91      0    118     19  -0.005264
  318     91      0    118     23  -0.005259
  319    108      0    108      0  -1.518315
  320    108      0    111      0  -0.177728
  321    108      0    117      0  -0.016003
  322    108      0    110      0  -0.016358
  323    108      0    112      0  -0.190630
  324     94      0     94      0  -2.620276
  325     94      0     96      0  -0.021285
  326     94      0    117      0  -0.046016
  327     94      0    110      0  -0.372675
  328     94      0     95      0  -0.109027
  329     94      0     95      1  -0.275101
  330     94      0    106      0  -0.038950
  331     94      0     98      0  -0.003793
  332     94      0     98      1  -0.002366
  333     94      0     98      2  -0.002083
  334     95      0     95      0  -1.315415
  335     95      0     96      0  -0.112906
  336     95      0    119      0  -0.006687
  337     95      0    106      0  -0.811436
  338     95      0     98      0  2463.743038
  339     95      0     98      1  1923.664062
  340     95      0     98      2  -1.335108
  341     95      0    102      0  -0.470580
  342     95      1     95      1  2.014053
  343     95      1     96      0  -0.069087
  344     95      1    119      0  -0.004343
  345     95      1    106      0  -0.511818
  346     95      1     98      0  -0.472619
  347     95      1     98      1  -0.404700
  348     95      1     98      2  -0.210072
  349     95      1    102      0  -0.054435
  350     96      0     96      0  -1.255580
  351     96      0    120      0  -0.011515
  352     96      0    120      1  -0.016493
  353     96      0     98      0  -0.034729
  354     96      0     98      1  -0.024426
  355     96      0     98      2  -0.020238
  356    116      0    116      0  -1.370752
  357    116      0    117      0  -0.127337
  358    116      0    118      0  -0.354552
  359    116      0    118      2  -0.349480
  360    116      0    118      3  -0.065008
  361    116      0    118      4  -0.258245
  362    116      0    118      5  -0.335164
  363    116      0    118      6  -0.065770
  364    116      0    118      7  -0.059845
  365    116      0    118     10  -0.059395
  366    116      0    118     11  -0.063591
  367    116      0    118     13  -0.318990
  368    116      0    118     14  -0.305196
  369    116      0    118     19  -0.069802
  370    116      0    118     23  -0.070597
  371     98      0     98      0  -2.713626
  372     98      0    119      0  -0.025615
  373     98      0    106      0  -0.229132
  374     98      0     99      0  -0.146466
  375     98      0    100      0  -0.011686
  376     98      0    102      0  -0.549717
  377     98      0    104      0  -0.007022
  378     98      0    101      0  -0.007280
  379     98      1     98      1  22.339383
  380     98      1    119      0  -0.012228
  381     98      1    106      0  -0.210251
  382     98      1     99      0  -0.410068
  383     98      1    100      0  -0.012040
  384     98      1    102      0  19.006522
  385     98      1    104      0  -0.006297
  386     98      1    101      0  -0.013989
  387     98      2     98      2  27.871143
  388     98      2    119      0  -0.028197
  389     98      2    106      0  -0.210791
  390     98      2     99      0  -0.429671
  391     98      2    100      0  -0.017970
  392     98      2    102      0  17.633388
  393     98      2    104      0  -0.010822
  394     98      2    101      0  -0.017257
  395     99      0     99      0  -1.114367
  396     99      0    100      0  -0.079729
  397     99      0    102      0  -0.823545
  398     99      0    104      0  -0.013468
  399     99      0    101      0  -0.173509
  400    100      0    100      0  -0.341729
  401    100      0    119      0  -0.039429
  402    100      0    102      0  -0.016946
  403    100      0    104      0  2.028276
  404    100      0    101      0  -0.494719
  405    101      0    101      0  -0.266811
  406    101      0    106      0  -0.003210
  407    101      0    102      0  -0.176222
  408    101      0    104      0  -0.399487
  409    102      0    102      0  -1.417509
  410    102      0    107      0  -0.001081
  411    102      0    106      0  -0.199752
  412    102      0    104      0  -0.021402
  413     53      0     53      0  -0.933894
  414     53      0     55      0  -0.049232
  415     53      0     96      0  -0.021100
  416     53      0     54      0  -0.152730
  417     53      0     98      0  -0.053969
  418     53      0     98      1  -0.049374
  419     53      0     98      2  -0.053629
  420     53      0     99      0  -0.032777
  421     53      0    100      0  -0.004452
  422     53      0    102      0  -0.002661
  423    104      0    104      0  -2.415640
  424    104      0    107      0  -0.158527
  425    104      0    119      0  -0.117958
  426    104      0    106      0  -0.017124
  427    104      0    108      0  -0.365020
  428    110      0    110      0  -3.595856
  429    110      0    111      0  -0.066766
  430    110      0    116      0  -0.005539
  431    110      0    117      0  -0.700566
  432    110      0    112      0  -0.021972
  433     54      0     54      0  -4.650623
  434     54      0     55      0  -0.116648
  435     54      0     96      0  -0.006199
  436     54      0    120      0  -0.358879
  437     54      0    120      1  -0.371059
  438     54      0     56      0  -0.050840
  439     54      0    107      0  -0.006964
  440     54      0    119      0  -0.639548
  441     54      0     95      0  -0.015014
  442     54      0     95      1  -0.004787
  443     54      0    106      0  -0.005056
  444     54      0     98      0  -0.205951
  445     54      0     98      1  -0.097738
  446     54      0     98      2  -0.237546
  447     54      0     99      0  -0.067661
  448     54      0    100      0  -1.090761
  449     54      0    102      0  -0.019565
  450     54      0    104      0  -0.104206
  451     54      0    101      0  -0.023659
  452     55      0     55      0  1.620575
  453     55      0     57      0  -0.214886
  454     55      0     96      0  -0.260848
  455     55      0    120      0  -0.252506
  456     55      0    120      1  -0.310319
  457     55      0     94      0  -0.007344
  458     55      0    118      0  -0.006156
  459     55      0    118      2  -0.006835
  460     55      0    118      3  -0.017714
  461     55      0    118      4  -0.006752
  462     55      0    118      5  -0.005274
  463     55      0    118      6  -0.018546
  464     55      0    118      7  -0.018422
  465     55      0    118     10  -0.019338
  466     55      0    118     11  -0.020766
  467     55      0    118     13  -0.005360
  468     55      0    118     14  -0.005364
  469     55      0    118     19  -0.012199
  470     55      0    118     23  -0.012122
  471     55      0     56      0  -0.075263
  472     55      0    119      0  -0.036570
  473     55      0     95      0  -0.052120
  474     55      0     95      1  -0.031095
  475     55      0     98      0  -0.055281
  476     55      0     98      1  -0.031031
  477     55      0     98      2  -0.043561
  478    107      0    107      0  -2.301790
  479    107      0    111      0  -0.325645
  480    107      0    117      0  -0.846013
  481    107      0    118      0  -0.063726
  482    107      0    118      2  -0.062668
  483    107      0    118      3  -0.062838
  484    107      0    118      4  -0.061948
  485    107      0    118      5  -0.132098
  486    107      0    118      6  -0.062352
  487    107      0    118      7  -0.062255
  488    107      0    118     10  -0.062157
  489    107      0    118     11  -0.062085
  490    107      0    118     13  -0.128064
  491    107      0    118     14  -0.142344
  492    107      0    118     19  -0.136666
  493    107      0    118     23  -0.138541
  494    107      0    110      0  -0.086044
  495    107      0    119      0  -0.896253
  496    107      0    112      0  -0.005723
  497    107      0    108      0  -0.298210
  498     56      0     56      0  -2.530652
  499     56      0     58      0  -0.038351
  500     56      0     57      0  -0.105041
  501     56      0     96      0  -0.023634
  502     56      0    120      0  -0.019260
  503     56      0    120      1  -0.010422
  504     56      0     94      0  -0.272149
  505     56      0    117      0  -0.120400
  506     56      0    118      0  -0.020772
  507     56      0    118      2  -0.020749
  508     56      0    118      3  -0.024426
  509     56      0    118      4  -0.021092
  510     56      0    118      5  -0.021884
  511     56      0    118      6  -0.025728
  512     56      0    118      7  -0.025607
  513     56      0    118     10  -0.025987
  514     56      0    118     11  -0.026080
  515     56      0    118     13  -0.021691
  516     56      0    118     14  -0.022399
  517     56      0    118     19  -0.028060
  518     56      0    118     23  -0.028443
  519     56      0    110      0  -0.241125
  520     56      0    107      0  -0.133405
  521     56      0    119      0  -0.359996
  522     56      0     95      0  -0.315312
  523     56      0     95      1  -0.367194
  524     56      0    106      0  -0.540027
  525     56      0     98      0  -0.189518
  526     56      0     98      1  -0.077811
  527     56      0     98      2  -0.170254
  528     56      0    102      0  -0.014284
  529     56      0    104      0  -0.011570
  530     57      0     57      0  -2.289883
  531     57      0     59      0  -0.375851
  532     57      0     59      1  -0.111831
  533     57      0     59      2  -1.531690
  534     57      0     91      0  -0.146724
  535     57      0     58      0  -0.103524
  536     57      0     96      0  -0.064997
  537     57      0    120      0  -1.040615
  538     57      0    120      1  -0.232578
  539     57      0     94      0  -0.105559
  540     57      0    116      0  -0.011543
  541     57      0    117      0  -0.032942
  542     57      0    118      0  -0.529089
  543     57      0    118      2  -0.503026
  544     57      0    118      3  -0.648825
  545     57      0    118      4  -0.579221
  546     57      0    118      5  -0.349935
  547     57      0    118      6  -0.629752
  548     57      0    118      7  -0.755952
  549     57      0    118     10  -0.830513
  550     57      0    118     11  -0.685850
  551     57      0    118     13  -0.357142
  552     57      0    118     14  -0.356971
  553     57      0    118     19  -0.410190
  554     57      0    118     23  -0.410481
  555     57      0    110      0  -0.007049
  556     57      0    107      0  -0.003948
  557     57      0    119      0  -0.030502
  558     57      0     95      0  -0.006276
  559     57      0     95      1  -0.007370
  560    118      0    118      0  -1.135780
  561    118      0    120      0  -1.071822
  562    118      0    120      1  -0.087981
  563    118      0    119      0  -0.064388
  564    118      2    118      2  3.353075
  565    118      2    120      0  -0.882663
  566    118      2    120      1  -0.095224
  567    118      2    119      0  -0.065495
  568    118      3    118      3  3.737498
  569    118      3    120      0  529.567439
  570    118      3    120      1  -0.445528
  571    118      3    119      0  -0.115000
  572    118      4    118      4  6.268744
  573    118      4    120      0  -1.069014
  574    118      4    120      1  -0.084134
  575    118      4    119      0  -0.065401
  576    118      5    118      5  7.498548
  577    118      5    120      0  -0.605569
  578    118      5    120      1  -0.074187
  579    118      5    119      0  -0.090602
  580    118      6    118      6  8.119334
  581    118      6    120      0  27924.022216
  582    118      6    120      1  -0.555704
  583    118      6    119      0  -0.116756
  584    118      7    118      7  8.536011
  585    118      7    120      0  154.825217
  586    118      7    120      1  -0.410220
  587    118      7    119      0  -0.116151
  588    118     10    118     10  11.906616
  589    118     10    120      0  13232.604643
  590    118     10    120      1  -0.424721
  591    118     10    119      0  -0.116644
  592    118     11    118     11  12.036287
  593    118     11    120      0  1296034.404157
  594    118     11    120      1  -0.594718
  595    118     11    119      0  -0.117669
  596    118     13    118     13  15.132318
  597    118     13    120      0  -0.641933
  598    118     13    120      1  -0.076405
  599    118     13    119      0  -0.086156
  600    118     14    118     14  16.568759
  601    118     14    120      0  -0.602378
  602    118     14    120      1  -0.073470
  603    118     14    119      0  -0.095188
  604    118     19    118     19  25.640713
  605    118     19    120      0  -1.337512
  606    118     19    120      1  -0.257396
  607    118     19    119      0  -0.202865
  608    118     23    118     23  28.157173
  609    118     23    120      0  -1.380963
  610    118     23    120      1  -0.263870
  611    118     23    119      0  -0.185169
  612     58      0     58      0  -2.734638
  613     58      0     59      0  -0.097138
  614     58      0     59      1  -0.079582
  615     58      0     59      2  -0.117096
  616     58      0     91      0  -0.035926
  617     58      0     87      0  -0.436882
  618     58      0     89      0  -0.019213
  619     58      0     86      0  -0.046411
  620     58      0     94      0  2.479568
  621     58      0    116      0  -0.063830
  622     58      0    117      0  -0.291467
  623     58      0    118      0  -0.020700
  624     58      0    118      2  -0.019468
  625     58      0    118      3  -0.008308
  626     58      0    118      4  -0.020014
  627     58      0    118      5  -0.014266
  628     58      0    118      6  -0.008058
  629     58      0    118      7  -0.008311
  630     58      0    118     10  -0.008129
  631     58      0    118     11  -0.007222
  632     58      0    118     13  -0.014888
  633     58      0    118     14  -0.013481
  634     58      0    118     19  -0.007267
  635     58      0    118     23  -0.007270
  636     58      0     68      0  -0.393940
  637     58      0    110      0  -0.328893
  638     58      0    107      0  -0.003384
  639     58      0     72      0  -0.143347
  640     58      0     95      0  -0.001113
  641     58      0     95      1  -0.002700
  642     58      0    106      0  -0.001268
  643     59      0     59      0  -2.997635
  644     59      0     91      0  -0.176491
  645     59      0    116      0  -1.690602
  646     59      0    117      0  -0.094070
  647     59      0    118      0  398454367.493913
  648     59      0    118      2  174170539.920624
  649     59      0    118      3  94.983117
  650     59      0    118      4  117791244.624742
  651     59      0    118      5  301404.230075
  652     59      0    118      6  229.468448
  653     59      0    118      7  10.237819
  654     59      0    118     10  6.628062
  655     59      0    118     11  152.783275
  656     59      0    118     13  250501.075868
  657     59      0    118     14  249763.224676
  658     59      0    118     19  11.696982
  659     59      0    118     23  5.254401
  660     59      0    110      0  -0.002982
  661     59      1     59      1  3.207891
  662     59      1     91      0  -0.275813
  663     59      1    116      0  0.462220
  664     59      1    117      0  -0.039519
  665     59      1    118      0  -1.362824
  666     59      1    118      2  -0.128365
  667     59      1    118      3  -0.246382
  668     59      1    118      4  -1.306595
  669     59      1    118      5  -0.515512
  670     59      1    118      6  -0.247471
  671     59      1    118      7  -0.215044
  672     59      1    118     10  -0.197734
  673     59      1    118     11  -0.224998
  674     59      1    118     13  -0.492752
  675     59      1    118     14  -0.528343
  676     59      1    118     19  -0.155129
  677     59      1    118     23  -0.151510
  678     59      1    110      0  -0.001892
  679     59      2     59      2  7.665458
  680     59      2     91      0  -0.539942
  681     59      2    116      0  -1.082091
  682     59      2    117      0  -0.073543
  683     59      2    118      0  251.463246
  684     59      2    118      2  29.613657
  685     59      2    118      3  11.768682
  686     59      2    118      4  2139851.859350
  687     59      2    118      5  -1.286948
  688     59      2    118      6  0.335913
  689     59      2    118      7  8.323839
  690     59      2    118     10  -0.792231
  691     59      2    118     11  -1.735883
  692     59      2    118     13  -1.269801
  693     59      2    118     14  -1.279459
  694     59      2    118     19  -0.905419
  695     59      2    118     23  -0.897296
  696     59      2    110      0  -0.003019
