    1     46      0     46      0  -0.236066
    2     46      0     49      0  -0.741643
    3     46      0     50      0  -0.033781
    4     46      0     51      0  -0.002488
    5     46      0     48      0  -0.039180
    6     46      0     47      0  -0.128639
    7     95      0     95      0  -1.073820
    8     95      0     96      0  -0.169503
    9     95      0     96      1  -0.074791
   10     95      0     96      2  -0.156552
   11     95      0     96      3  -0.075149
   12     95      0     96      5  -0.188572
   13     95      0     96      6  -0.157674
   14     95      1     95      1  10.655499
   15     95      1     96      0  -0.175120
   16     95      1     96      1  -0.075188
   17     95      1     96      2  -0.160057
   18     95      1     96      3  -0.075559
   19     95      1     96      5  -0.193942
   20     95      1     96      6  -0.161049
   21     95      3     95      3  20.818518
   22     95      3     96      0  -0.202214
   23     95      3     96      1  -0.140478
   24     95      3     96      2  -0.194817
   25     95      3     96      3  -0.143098
   26     95      3     96      5  -0.219769
   27     95      3     96      6  -0.204057
   28     96      0     96      0  -0.907160
   29     96      0     98      0  -0.107471
   30     96      0     98      1  -0.094995
   31     96      0     98      2  -0.027077
   32     96      1     96      1  -1.782390
   33     96      1     98      0  397.623867
   34     96      1     98      1  129.864552
   35     96      1     98      2  -0.959035
   36     96      2     96      2  8.318288
   37     96      2     98      0  -0.105703
   38     96      2     98      1  -0.093431
   39     96      2     98      2  -0.025975
   40     96      3     96      3  7.870044
   41     96      3     98      0  12.831760
   42     96      3     98      1  3.866133
   43     96      3     98      2  -0.860643
   44     96      5     96      5  12.823824
   45     96      5     98      0  -0.110041
   46     96      5     98      1  -0.096150
   47     96      5     98      2  -0.027992
   48     96      6     96      6  22.993454
   49     96      6     98      0  -0.106511
   50     96      6     98      1  -0.093153
   51     96      6     98      2  -0.026752
   52     47      0     47      0  -0.225516
   53     47      0     49      0  -0.025360
   54     47      0     52      0  -0.002029
   55     47      0     50      0  -0.189946
   56     47      0     51      0  -0.208535
   57     47      0     48      0  -0.121255
   58     48      0     48      0  -0.482937
   59     48      0     53      0  -0.001753
   60     48      0     49      0  -0.140337
   61     48      0     52      0  -0.347714
   62     48      0     50      0  -0.015938
   63     48      0     51      0  -0.320188
   64     49      0     49      0  -1.837884
   65     49      0     53      0  -0.051344
   66     49      0     52      0  -0.235935
   67     49      0     50      0  -0.121270
   68     49      0     51      0  -0.020620
   69     50      0     50      0  -1.669818
   70     50      0     53      0  -0.101746
   71     50      0     54      0  -0.288779
   72     50      0     52      0  -0.021553
   73     50      0     51      0  -0.184250
   74     51      0     51      0  -2.484676
   75     51      0     53      0  -0.013950
   76     51      0     54      0  -0.174254
   77     51      0     55      0  -0.055653
   78     51      0     56      0  -0.003639
   79     51      0     52      0  -0.153050
   80     52      0     52      0  -2.305674
   81     52      0     53      0  -0.087706
   82     52      0     54      0  -0.019269
   83     52      0     55      0  -0.086565
   84     52      0     56      0  -0.187094
   85     52      0     57      0  -0.004009
   86     53      0     53      0  -1.500246
   87     53      0     58      0  -0.003692
   88     53      0     54      0  -0.116701
   89     53      0     55      0  -0.011390
   90     53      0     56      0  -0.118235
   91     53      0     57      0  -0.227462
   92     54      0     54      0  -2.217455
   93     54      0     58      0  -0.759154
   94     54      0     55      0  -0.124776
   95     54      0     56      0  -0.025681
   96     54      0     57      0  -0.255439
   97     55      0     55      0  -1.381829
   98     55      0     58      0  -0.242799
   99     55      0     59      0  -0.135696
  100     55      0     60      0  -0.001940
  101     55      0     56      0  -0.169630
  102     55      0     57      0  -0.020282
  103     56      0     56      0  -2.357021
  104     56      0     61      0  -0.002717
  105     56      0     58      0  -0.027502
  106     56      0     59      0  -0.274566
  107     56      0     60      0  -0.058829
  108     56      0     57      0  -0.209263
  109     57      0     57      0  -0.457085
  110     57      0     61      0  -0.143184
  111     57      0     58      0  -0.135795
  112     57      0     59      0  -0.019748
  113     57      0     60      0  -0.166607
  114     57      0     62      0  -0.001959
  115     58      0     58      0  -2.794153
  116     58      0     63      1  -0.001963
  117     58      0     61      0  -0.133761
  118     58      0     98      0  -0.003482
  119     58      0     98      1  -0.003553
  120     58      0     98      2  -0.034330
  121     58      0     59      0  -0.145264
  122     58      0     60      0  -0.016881
  123     58      0     62      0  -0.074381
  124     59      0     59      0  -1.984497
  125     59      0     64      0  -0.002678
  126     59      0     63      1  -0.064658
  127     59      0     61      0  -0.015714
  128     59      0     60      0  -0.094258
  129     59      0     62      0  -0.119138
  130     60      0     60      0  -1.558645
  131     60      0     64      0  -0.127567
  132     60      0     63      1  -0.068634
  133     60      0     61      0  -0.159239
  134     60      0     65      0  -0.002121
  135     60      0     62      0  -0.017739
  136     61      0     61      0  -2.109449
  137     61      0     66      0  -0.001774
  138     61      0     64      0  -0.312379
  139     61      0     68      0  -0.005975
  140     61      0     68      1  -0.004504
  141     61      0     68      2  -0.009795
  142     61      0     63      1  -0.019546
  143     61      0     65      0  -0.052080
  144     61      0     98      0  -0.016373
  145     61      0     98      1  -0.016723
  146     61      0     98      2  -0.031683
  147     61      0     62      0  -0.106560
  148     62      0     62      0  -1.696545
  149     62      0     66      0  -0.295041
  150     62      0     64      0  -0.020898
  151     62      0     63      1  -0.157766
  152     62      0     65      0  -0.203505
  153     62      0     98      0  -0.066851
  154     62      0     98      1  -0.062020
  155     62      0     98      2  -0.117695
  156     63      1     63      1  -1.460585
  157     63      1     66      0  -0.158418
  158     63      1     64      0  -0.141135
  159     63      1     67      0  -0.027284
  160     63      1     68      0  -0.001881
  161     63      1     68      1  -0.001839
  162     63      1     68      2  -0.003236
  163     63      1     65      0  -0.020926
  164     64      0     64      0  -2.154662
  165     64      0     66      0  -0.025887
  166     64      0     67      0  -0.185992
  167     64      0     68      0  -0.101454
  168     64      0     68      1  -0.055183
  169     64      0     68      2  -0.127739
  170     64      0     69      0  -0.003036
  171     64      0     69      1  -0.000910
  172     64      0     69      2  -0.003805
  173     64      0     69      4  -0.002938
  174     64      0     69      5  -0.000899
  175     64      0     69      6  -0.006414
  176     64      0     69      7  -0.006638
  177     64      0     69      8  -0.000896
  178     64      0     65      0  -0.073963
  179     65      0     65      0  2.264574
  180     65      0     66      0  -0.244034
  181     65      0     70      0  -0.008589
  182     65      0     70      1  -0.001955
  183     65      0     70      2  -0.008136
  184     65      0     70      3  -0.008085
  185     65      0     70      4  -0.008924
  186     65      0     70      7  -0.001918
  187     65      0     70      8  -0.009492
  188     65      0     70      9  -0.001914
  189     65      0     70     10  -0.001912
  190     65      0     70     12  -0.008423
  191     65      0     70     14  -0.001909
  192     65      0     70     15  -0.001909
  193     65      0     70     18  -0.001908
  194     65      0     67      0  -0.018271
  195     65      0     68      0  -0.098435
  196     65      0     68      1  -0.241426
  197     65      0     68      2  -0.280003
  198     65      0     69      0  -0.197052
  199     65      0     69      1  -0.050866
  200     65      0     69      2  -0.222985
  201     65      0     69      4  -0.119248
  202     65      0     69      5  -0.048857
  203     65      0     69      6  -0.147291
  204     65      0     69      7  -0.126729
  205     65      0     69      8  -0.042618
  206     65      0     96      0  -0.111890
  207     65      0     96      1  -0.540499
  208     65      0     96      2  -0.110216
  209     65      0     96      3  -0.669375
  210     65      0     96      5  -0.126611
  211     65      0     96      6  -0.128565
  212     65      0     98      0  -0.117264
  213     65      0     98      1  -0.121688
  214     65      0     98      2  -0.040860
  215     66      0     66      0  -2.413091
  216     66      0     70      0  -0.289460
  217     66      0     70      1  -0.047213
  218     66      0     70      2  -0.328429
  219     66      0     70      3  -0.281716
  220     66      0     70      4  -0.412972
  221     66      0     70      7  -0.059513
  222     66      0     70      8  -0.440578
  223     66      0     70      9  -0.061081
  224     66      0     70     10  -0.056213
  225     66      0     70     12  -0.315397
  226     66      0     70     14  -0.058601
  227     66      0     70     15  -0.054175
  228     66      0     70     18  -0.055757
  229     66      0     71      0  -0.003701
  230     66      0     67      0  -0.123193
  231     66      0     68      0  -0.017349
  232     66      0     68      1  -0.030199
  233     66      0     68      2  -0.036013
  234     66      0     69      0  -0.088614
  235     66      0     69      1  -0.060318
  236     66      0     69      2  -0.082981
  237     66      0     69      4  -0.383343
  238     66      0     69      5  -0.066573
  239     66      0     69      6  -0.528853
  240     66      0     69      7  -0.462409
  241     66      0     69      8  -0.056813
  242     67      0     67      0  -1.585782
  243     67      0     70      0  -0.226919
  244     67      0     70      1  -0.083272
  245     67      0     70      2  -0.203670
  246     67      0     70      3  -0.251643
  247     67      0     70      4  -0.196345
  248     67      0     70      7  -0.157222
  249     67      0     70      8  -0.221362
  250     67      0     70      9  -0.143841
  251     67      0     70     10  -0.162803
  252     67      0     70     12  -0.243426
  253     67      0     70     14  -0.137428
  254     67      0     70     15  -0.153148
  255     67      0     70     18  -0.145030
  256     67      0     71      0  -0.491017
  257     67      0     68      0  -0.175214
  258     67      0     68      1  -0.121958
  259     67      0     68      2  -0.204846
  260     67      0     69      0  -0.019522
  261     67      0     69      1  -0.012688
  262     67      0     69      2  -0.021068
  263     67      0     69      4  -0.037381
  264     67      0     69      5  -0.013985
  265     67      0     69      6  -0.064652
  266     67      0     69      7  -0.078123
  267     67      0     69      8  -0.014234
  268     68      0     68      0  -1.939137
  269     68      0     72      0  -0.945577
  270     68      0     72      1  21.273242
  271     68      0     72      2  -0.083900
  272     68      0     72      4  -0.079465
  273     68      0     72      5  -0.381388
  274     68      0     72      6  -0.109692
  275     68      0     73      0  -0.003905
  276     68      0     73      1  -0.012722
  277     68      0     70      0  -0.025942
  278     68      0     70      1  -0.016342
  279     68      0     70      2  -0.025308
  280     68      0     70      3  -0.026457
  281     68      0     70      4  -0.026079
  282     68      0     70      7  -0.018624
  283     68      0     70      8  -0.026525
  284     68      0     70      9  -0.017585
  285     68      0     70     10  -0.018648
  286     68      0     70     12  -0.026279
  287     68      0     70     14  -0.016646
  288     68      0     70     15  -0.017703
  289     68      0     70     18  -0.016856
  290     68      0     71      0  -0.203769
  291     68      0     69      0  -0.327284
  292     68      0     69      1  -0.141486
  293     68      0     69      2  -0.518954
  294     68      0     69      4  -0.145665
  295     68      0     69      5  -0.121275
  296     68      0     69      6  -0.192505
  297     68      0     69      7  -0.210193
  298     68      0     69      8  -0.137933
  299     68      0     96      0  -0.832120
  300     68      0     96      1  -0.090472
  301     68      0     96      2  -0.491235
  302     68      0     96      3  -0.089636
  303     68      0     96      5  -0.856374
  304     68      0     96      6  4.160627
  305     68      1     68      1  59.036448
  306     68      1     72      0  -0.954042
  307     68      1     72      1  -0.135158
  308     68      1     72      2  -0.092239
  309     68      1     72      4  -0.085180
  310     68      1     72      5  -0.382774
  311     68      1     72      6  -0.122248
  312     68      1     73      0  -0.008301
  313     68      1     73      1  -0.021163
  314     68      1     70      0  -0.032883
  315     68      1     70      1  -0.020730
  316     68      1     70      2  -0.032371
  317     68      1     70      3  -0.033267
  318     68      1     70      4  -0.031846
  319     68      1     70      7  -0.022408
  320     68      1     70      8  -0.033620
  321     68      1     70      9  -0.021430
  322     68      1     70     10  -0.022383
  323     68      1     70     12  -0.033050
  324     68      1     70     14  -0.021008
  325     68      1     70     15  -0.021376
  326     68      1     70     18  -0.021168
  327     68      1     71      0  -0.177361
  328     68      1     69      0  -0.731759
  329     68      1     69      1  -0.287602
  330     68      1     69      2  2.616241
  331     68      1     69      4  -0.324974
  332     68      1     69      5  -0.254915
  333     68      1     69      6  -0.441121
  334     68      1     69      7  -0.470676
  335     68      1     69      8  -0.273915
  336     68      1     96      0  -1.200327
  337     68      1     96      1  -0.151352
  338     68      1     96      2  -1.262270
  339     68      1     96      3  -0.155847
  340     68      1     96      5  -1.214945
  341     68      1     96      6  -0.525387
  342     68      2     68      2  74.062293
  343     68      2     72      0  -0.409795
  344     68      2     72      1  -0.915983
  345     68      2     72      2  -0.052507
  346     68      2     72      4  -0.045815
  347     68      2     72      5  -0.178581
  348     68      2     72      6  -0.073093
  349     68      2     73      0  -0.005507
  350     68      2     73      1  -0.015976
  351     68      2     70      0  -0.033593
  352     68      2     70      1  -0.020406
  353     68      2     70      2  -0.032878
  354     68      2     70      3  -0.034106
  355     68      2     70      4  -0.033939
  356     68      2     70      7  -0.022399
  357     68      2     70      8  -0.034509
  358     68      2     70      9  -0.021927
  359     68      2     70     10  -0.022354
  360     68      2     70     12  -0.033922
  361     68      2     70     14  -0.020747
  362     68      2     70     15  -0.021909
  363     68      2     70     18  -0.020956
  364     68      2     71      0  -0.160440
  365     68      2     69      0  -0.633517
  366     68      2     69      1  -0.242280
  367     68      2     69      2  1.145043
  368     68      2     69      4  -0.293874
  369     68      2     69      5  -0.218836
  370     68      2     69      6  -0.414703
  371     68      2     69      7  -0.443391
  372     68      2     69      8  -0.230164
  373     68      2     96      0  -0.863801
  374     68      2     96      1  -0.138455
  375     68      2     96      2  -0.958377
  376     68      2     96      3  -0.143496
  377     68      2     96      5  -0.906456
  378     68      2     96      6  -1.092888
  379     98      0     98      0  -0.447914
  380     98      1     98      1  4.181974
  381     98      2     98      2  5.315892
  382     69      0     69      0  -2.105773
  383     69      0     72      0  -1.244670
  384     69      0     72      1  1444255803.434870
  385     69      0     72      2  -0.810873
  386     69      0     72      4  -0.405296
  387     69      0     72      5  -1.138393
  388     69      0     72      6  -1.029839
  389     69      0     73      0  -0.288621
  390     69      0     73      1  -0.549798
  391     69      0     70      0  -0.126142
  392     69      0     70      1  -0.080667
  393     69      0     70      2  -0.123723
  394     69      0     70      3  -0.120640
  395     69      0     70      4  -0.122733
  396     69      0     70      7  -0.062811
  397     69      0     70      8  -0.121679
  398     69      0     70      9  -0.062722
  399     69      0     70     10  -0.061405
  400     69      0     70     12  -0.117141
  401     69      0     70     14  -0.062115
  402     69      0     70     15  -0.060926
  403     69      0     70     18  -0.060965
  404     69      0     71      0  -0.027298
  405     69      0     95      0  -0.038758
  406     69      0     95      1  -0.040174
  407     69      0     95      3  -0.021019
  408     69      0     96      0  -1.025288
  409     69      0     96      1  -0.500812
  410     69      0     96      2  -0.300207
  411     69      0     96      3  -0.544410
  412     69      0     96      5  -1.021822
  413     69      0     96      6  -1.031671
  414     69      1     69      1  19.203236
  415     69      1     72      0  -1.084840
  416     69      1     72      1  601.615389
  417     69      1     72      2  1.339634
  418     69      1     72      4  -0.761223
  419     69      1     72      5  -1.323998
  420     69      1     72      6  148.385869
  421     69      1     73      0  -1.277752
  422     69      1     73      1  -0.901887
  423     69      1     70      0  -0.165441
  424     69      1     70      1  -0.118785
  425     69      1     70      2  -0.161888
  426     69      1     70      3  -0.158387
  427     69      1     70      4  -0.160208
  428     69      1     70      7  -0.086067
  429     69      1     70      8  -0.157579
  430     69      1     70      9  -0.085968
  431     69      1     70     10  -0.085065
  432     69      1     70     12  -0.152800
  433     69      1     70     14  -0.085366
  434     69      1     70     15  -0.084274
  435     69      1     70     18  -0.084781
  436     69      1     71      0  -0.027419
  437     69      1     95      0  -0.040222
  438     69      1     95      1  -0.041657
  439     69      1     95      3  -0.011480
  440     69      1     96      0  -0.301488
  441     69      1     96      1  -0.106836
  442     69      1     96      2  -0.344068
  443     69      1     96      3  -0.112067
  444     69      1     96      5  -0.255095
  445     69      1     96      6  -0.323324
  446     69      2     69      2  36.042379
  447     69      2     72      0  -1.086647
  448     69      2     72      1  7866.873986
  449     69      2     72      2  -0.573268
  450     69      2     72      4  -0.276619
  451     69      2     72      5  -0.839825
  452     69      2     72      6  -1.152405
  453     69      2     73      0  -0.307421
  454     69      2     73      1  -0.584745
  455     69      2     70      0  -0.128008
  456     69      2     70      1  -0.082437
  457     69      2     70      2  -0.125620
  458     69      2     70      3  -0.123335
  459     69      2     70      4  -0.125147
  460     69      2     70      7  -0.064761
  461     69      2     70      8  -0.124042
  462     69      2     70      9  -0.065256
  463     69      2     70     10  -0.063926
  464     69      2     70     12  -0.119648
  465     69      2     70     14  -0.063935
  466     69      2     70     15  -0.062758
  467     69      2     70     18  -0.062803
  468     69      2     71      0  -0.029168
  469     69      2     95      0  -0.027849
  470     69      2     95      1  -0.028000
  471     69      2     95      3  -0.015569
  472     69      2     96      0  -1.154903
  473     69      2     96      1  -0.530655
  474     69      2     96      2  -0.677995
  475     69      2     96      3  -0.580131
  476     69      2     96      5  -1.073979
  477     69      2     96      6  3.247312
  478     69      4     69      4  40.642257
  479     69      4     72      0  -0.284045
  480     69      4     72      1  1.144681
  481     69      4     72      2  -0.311100
  482     69      4     72      4  -0.141321
  483     69      4     72      5  -0.273019
  484     69      4     72      6  -0.399499
  485     69      4     73      0  -1.264042
  486     69      4     73      1  647.316169
  487     69      4     70      0  -0.861309
  488     69      4     70      1  -0.507933
  489     69      4     70      2  -0.860180
  490     69      4     70      3  -0.833219
  491     69      4     70      4  -0.862065
  492     69      4     70      7  -0.358641
  493     69      4     70      8  -0.848337
  494     69      4     70      9  -0.358839
  495     69      4     70     10  -0.353252
  496     69      4     70     12  -0.812392
  497     69      4     70     14  -0.355826
  498     69      4     70     15  -0.352004
  499     69      4     70     18  -0.352401
  500     69      4     71      0  -0.037559
  501     69      4     95      0  -0.003933
  502     69      4     95      1  -0.004088
  503     69      4     95      3  -0.001098
  504     69      4     96      0  -0.133437
  505     69      4     96      1  -0.069382
  506     69      4     96      2  -0.156661
  507     69      4     96      3  -0.075018
  508     69      4     96      5  -0.118714
  509     69      4     96      6  -0.167077
  510     69      5     69      5  65.229371
  511     69      5     72      0  -0.525491
  512     69      5     72      1  1.147750
  513     69      5     72      2  -1.210317
  514     69      5     72      4  -0.341129
  515     69      5     72      5  -0.583814
  516     69      5     72      6  -1.266080
  517     69      5     73      0  0.904541
  518     69      5     73      1  4719.387434
  519     69      5     70      0  -0.264093
  520     69      5     70      1  -0.201234
  521     69      5     70      2  -0.256994
  522     69      5     70      3  -0.250951
  523     69      5     70      4  -0.252619
  524     69      5     70      7  -0.132191
  525     69      5     70      8  -0.246960
  526     69      5     70      9  -0.132007
  527     69      5     70     10  -0.130231
  528     69      5     70     12  -0.240335
  529     69      5     70     14  -0.131191
  530     69      5     70     15  -0.129959
  531     69      5     70     18  -0.130451
  532     69      5     71      0  -0.027612
  533     69      5     95      0  -0.023694
  534     69      5     95      1  -0.024011
  535     69      5     95      3  -0.007221
  536     69      5     96      0  -0.200207
  537     69      5     96      1  -0.089970
  538     69      5     96      2  -0.230923
  539     69      5     96      3  -0.095070
  540     69      5     96      5  -0.174949
  541     69      5     96      6  -0.231399
  542     69      6     69      6  200.277142
  543     69      6     72      0  -0.278401
  544     69      6     72      1  1.039842
  545     69      6     72      2  -0.283622
  546     69      6     72      4  -0.131137
  547     69      6     72      5  -0.264019
  548     69      6     72      6  -0.379441
  549     69      6     73      0  -0.768819
  550     69      6     73      1  -0.723784
  551     69      6     70      0  -0.752126
  552     69      6     70      1  -0.340257
  553     69      6     70      2  -0.738906
  554     69      6     70      3  -0.716301
  555     69      6     70      4  -0.747759
  556     69      6     70      7  -0.278519
  557     69      6     70      8  -0.744914
  558     69      6     70      9  -0.278442
  559     69      6     70     10  -0.273429
  560     69      6     70     12  -0.696344
  561     69      6     70     14  -0.274924
  562     69      6     70     15  -0.271289
  563     69      6     70     18  -0.271610
  564     69      6     71      0  -0.041581
  565     69      6     95      0  -0.003877
  566     69      6     95      1  -0.004028
  567     69      6     95      3  -0.001095
  568     69      6     96      0  -0.138659
  569     69      6     96      1  -0.071697
  570     69      6     96      2  -0.163333
  571     69      6     96      3  -0.076648
  572     69      6     96      5  -0.123968
  573     69      6     96      6  -0.176119
  574     69      7     69      7  359.115369
  575     69      7     72      0  -0.297936
  576     69      7     72      1  1.015943
  577     69      7     72      2  -0.303876
  578     69      7     72      4  -0.146352
  579     69      7     72      5  -0.283198
  580     69      7     72      6  -0.387879
  581     69      7     73      0  -0.975370
  582     69      7     73      1  65.725408
  583     69      7     70      0  0.023454
  584     69      7     70      1  -0.700922
  585     69      7     70      2  -0.247793
  586     69      7     70      3  -0.319738
  587     69      7     70      4  -0.425155
  588     69      7     70      7  -0.536647
  589     69      7     70      8  -0.560514
  590     69      7     70      9  -0.538713
  591     69      7     70     10  -0.529814
  592     69      7     70     12  -0.549250
  593     69      7     70     14  -0.534693
  594     69      7     70     15  -0.527986
  595     69      7     70     18  -0.529065
  596     69      7     71      0  -0.056425
  597     69      7     95      0  -0.003801
  598     69      7     95      1  -0.003981
  599     69      7     95      3  -0.001093
  600     69      7     96      0  -0.133830
  601     69      7     96      1  -0.060960
  602     69      7     96      2  -0.157636
  603     69      7     96      3  -0.066224
  604     69      7     96      5  -0.119286
  605     69      7     96      6  -0.169577
  606     69      8     69      8  95.156370
  607     69      8     72      0  -1.141423
  608     69      8     72      1  36.145709
  609     69      8     72      2  3.633436
  610     69      8     72      4  -0.871191
  611     69      8     72      5  -1.375543
  612     69      8     72      6  38.295022
  613     69      8     73      0  1.103507
  614     69      8     73      1  2438.769154
  615     69      8     70      0  -0.263525
  616     69      8     70      1  -0.209554
  617     69      8     70      2  -0.256577
  618     69      8     70      3  -0.251218
  619     69      8     70      4  -0.252355
  620     69      8     70      7  -0.138342
  621     69      8     70      8  -0.247102
  622     69      8     70      9  -0.138083
  623     69      8     70     10  -0.137016
  624     69      8     70     12  -0.241014
  625     69      8     70     14  -0.137220
  626     69      8     70     15  -0.137416
  627     69      8     70     18  -0.136483
  628     69      8     71      0  -0.035114
  629     69      8     95      0  -0.031247
  630     69      8     95      1  -0.032725
  631     69      8     95      3  -0.008083
  632     69      8     96      0  -0.241056
  633     69      8     96      1  -0.075761
  634     69      8     96      2  -0.275597
  635     69      8     96      3  -0.080461
  636     69      8     96      5  -0.204487
  637     69      8     96      6  -0.261758
  638     70      0     70      0  -2.584243
  639     70      0     72      0  -0.020491
  640     70      0     72      1  -0.040195
  641     70      0     72      2  -0.025066
  642     70      0     72      4  -0.015577
  643     70      0     72      5  -0.020432
  644     70      0     72      6  -0.022925
  645     70      0     73      0  -0.347382
  646     70      0     73      1  25.100626
  647     70      0     71      0  -0.162549
  648     70      1     70      1  0.289783
  649     70      1     72      0  -0.028219
  650     70      1     72      1  -0.044892
  651     70      1     72      2  -0.039768
  652     70      1     72      4  -0.022325
  653     70      1     72      5  -0.028158
  654     70      1     72      6  -0.030352
  655     70      1     73      0  -0.945270
  656     70      1     73      1  47.925498
  657     70      1     71      0  -0.203499
  658     70      2     70      2  -0.653400
  659     70      2     72      0  -0.020441
  660     70      2     72      1  -0.039366
  661     70      2     72      2  -0.024875
  662     70      2     72      4  -0.015526
  663     70      2     72      5  -0.020381
  664     70      2     72      6  -0.022783
  665     70      2     73      0  -0.335008
  666     70      2     73      1  19.193659
  667     70      2     71      0  -0.167229
  668     70      3     70      3  0.423351
  669     70      3     72      0  -0.020419
  670     70      3     72      1  -0.040505
  671     70      3     72      2  -0.024807
  672     70      3     72      4  -0.015511
  673     70      3     72      5  -0.020360
  674     70      3     72      6  -0.022726
  675     70      3     73      0  -0.332405
  676     70      3     73      1  17.531499
  677     70      3     71      0  -0.166870
  678     70      4     70      4  2.792337
  679     70      4     72      0  -0.020298
  680     70      4     72      1  -0.039256
  681     70      4     72      2  -0.024633
  682     70      4     72      4  -0.015352
  683     70      4     72      5  -0.020238
  684     70      4     72      6  -0.022560
  685     70      4     73      0  -0.323931
  686     70      4     73      1  16.216452
  687     70      4     71      0  -0.166416
  688     70      7     70      7  7.588154
  689     70      7     72      0  -0.020076
  690     70      7     72      1  -0.032807
  691     70      7     72      2  -0.022999
  692     70      7     72      4  -0.014999
  693     70      7     72      5  -0.020003
  694     70      7     72      6  -0.019790
  695     70      7     73      0  -0.254168
  696     70      7     73      1  -0.980366
  697     70      7     71      0  -0.257165
  698     70      8     70      8  7.619535
  699     70      8     72      0  -0.019590
  700     70      8     72      1  -0.039179
  701     70      8     72      2  -0.023827
  702     70      8     72      4  -0.014644
  703     70      8     72      5  -0.019530
  704     70      8     72      6  -0.021686
  705     70      8     73      0  -0.314942
  706     70      8     73      1  13.426725
  707     70      8     71      0  -0.166883
  708     70      9     70      9  8.575945
  709     70      9     72      0  -0.020029
  710     70      9     72      1  -0.032733
  711     70      9     72      2  -0.022919
  712     70      9     72      4  -0.014934
  713     70      9     72      5  -0.019955
  714     70      9     72      6  -0.019715
  715     70      9     73      0  -0.252199
  716     70      9     73      1  -0.987907
  717     70      9     71      0  -0.258122
  718     70     10     70     10  8.579337
  719     70     10     72      0  -0.020075
  720     70     10     72      1  -0.032771
  721     70     10     72      2  -0.022980
  722     70     10     72      4  -0.015001
  723     70     10     72      5  -0.020002
  724     70     10     72      6  -0.019779
  725     70     10     73      0  -0.255235
  726     70     10     73      1  -0.987390
  727     70     10     71      0  -0.268057
  728     70     12     70     12  9.229043
  729     70     12     72      0  -0.020186
  730     70     12     72      1  -0.040008
  731     70     12     72      2  -0.024402
  732     70     12     72      4  -0.015286
  733     70     12     72      5  -0.020127
  734     70     12     72      6  -0.022300
  735     70     12     73      0  -0.316857
  736     70     12     73      1  12.658435
  737     70     12     71      0  -0.168375
  738     70     14     70     14  12.029161
  739     70     14     72      0  -0.019337
  740     70     14     72      1  -0.032014
  741     70     14     72      2  -0.022239
  742     70     14     72      4  -0.014271
  743     70     14     72      5  -0.019314
  744     70     14     72      6  -0.019041
  745     70     14     73      0  -0.252275
  746     70     14     73      1  -1.000820
  747     70     14     71      0  -0.271415
  748     70     15     70     15  12.677410
  749     70     15     72      0  -0.020046
  750     70     15     72      1  -0.032720
  751     70     15     72      2  -0.022941
  752     70     15     72      4  -0.014976
  753     70     15     72      5  -0.019974
  754     70     15     72      6  -0.019746
  755     70     15     73      0  -0.256790
  756     70     15     73      1  -1.011770
  757     70     15     71      0  -0.277296
  758     70     18     70     18  18.023748
  759     70     18     72      0  -0.020154
  760     70     18     72      1  -0.032822
  761     70     18     72      2  -0.023008
  762     70     18     72      4  -0.015046
  763     70     18     72      5  -0.020082
  764     70     18     72      6  -0.019813
  765     70     18     73      0  -0.252809
  766     70     18     73      1  -1.003241
  767     70     18     71      0  -0.291045
  768     71      0     71      0  -2.471678
  769     71      0     72      0  -0.137825
  770     71      0     72      1  -0.156390
  771     71      0     72      2  -0.069848
  772     71      0     72      4  -0.065365
  773     71      0     72      5  -0.127900
  774     71      0     72      6  -0.071361
  775     71      0     73      0  -0.020810
  776     71      0     73      1  -0.040539
  777     71      0     75      0  -0.132489
  778     71      0     76      0  -0.003333
  779     71      0     76      2  -0.002836
  780     71      0     76      3  -0.000861
  781     71      0     76      5  -0.000862
  782     72      0     72      0  -4.362866
  783     72      0     85      0  -0.103915
  784     72      0     73      0  -0.175726
  785     72      0     73      1  -0.193608
  786     72      0     75      0  -0.150400
  787     72      0     76      0  -0.165537
  788     72      0     76      2  -0.168195
  789     72      0     76      3  -0.034577
  790     72      0     76      5  -0.035188
  791     72      0     77      0  -0.002769
  792     72      0     93      0  -0.099288
  793     72      0     93      1  -0.028506
  794     72      0     93      2  -0.031056
  795     72      0     95      0  -0.230907
  796     72      0     95      1  -0.251473
  797     72      0     95      3  -0.136532
  798     72      0     96      0  3606656.078619
  799     72      0     96      1  -0.655232
  800     72      0     96      2  27949.330971
  801     72      0     96      3  -0.644818
  802     72      0     96      5  17380397.168012
  803     72      0     96      6  20738.387805
  804     72      1     72      1  -3.414136
  805     72      1     85      0  -0.098090
  806     72      1     73      0  -0.247106
  807     72      1     73      1  -0.284508
  808     72      1     75      0  -0.151345
  809     72      1     76      0  -0.181526
  810     72      1     76      2  -0.182799
  811     72      1     76      3  -0.038211
  812     72      1     76      5  -0.039035
  813     72      1     77      0  -0.002726
  814     72      1     93      0  -0.074162
  815     72      1     93      1  -0.018582
  816     72      1     93      2  -0.018935
  817     72      1     95      0  -0.143971
  818     72      1     95      1  -0.157433
  819     72      1     95      3  -0.057900
  820     72      1     96      0  496.393132
  821     72      1     96      1  -0.520735
  822     72      1     96      2  91597.680730
  823     72      1     96      3  -0.529810
  824     72      1     96      5  30.975732
  825     72      1     96      6  1741.648144
  826     72      2     72      2  4.040886
  827     72      2     85      0  -0.177805
  828     72      2     73      0  -0.875430
  829     72      2     73      1  -0.757441
  830     72      2     75      0  -0.160849
  831     72      2     76      0  -0.226888
  832     72      2     76      2  -0.931056
  833     72      2     76      3  -0.253363
  834     72      2     76      5  -0.265820
  835     72      2     77      0  -0.009486
  836     72      2     93      0  -0.221956
  837     72      2     93      1  -0.063355
  838     72      2     93      2  -0.058001
  839     72      2     95      0  -0.414191
  840     72      2     95      1  -0.480221
  841     72      2     95      3  -0.055292
  842     72      2     96      0  -0.316157
  843     72      2     96      1  -0.032950
  844     72      2     96      2  -0.294749
  845     72      2     96      3  -0.033805
  846     72      2     96      5  -0.291733
  847     72      2     96      6  -0.240728
  848     72      4     72      4  4.387379
  849     72      4     85      0  -0.253388
  850     72      4     73      0  -0.249813
  851     72      4     73      1  -0.256068
  852     72      4     75      0  -0.164440
  853     72      4     76      0  -0.889984
  854     72      4     76      2  -0.894360
  855     72      4     76      3  -0.147370
  856     72      4     76      5  -0.154009
  857     72      4     77      0  -0.004852
  858     72      4     93      0  385.646301
  859     72      4     93      1  -0.634447
  860     72      4     93      2  -0.682908
  861     72      4     95      0  -0.883729
  862     72      4     95      1  15.060007
  863     72      4     95      3  -0.353302
  864     72      4     96      0  -0.431946
  865     72      4     96      1  -0.044479
  866     72      4     96      2  -0.375827
  867     72      4     96      3  -0.045150
  868     72      4     96      5  -0.436157
  869     72      4     96      6  -0.310330
  870     72      5     72      5  3.142075
  871     72      5     85      0  -0.140381
  872     72      5     73      0  -0.203983
  873     72      5     73      1  -0.219300
  874     72      5     75      0  -0.158171
  875     72      5     76      0  -0.241836
  876     72      5     76      2  -0.243399
  877     72      5     76      3  -0.052360
  878     72      5     76      5  -0.054007
  879     72      5     77      0  -0.002708
  880     72      5     93      0  -0.282818
  881     72      5     93      1  -0.130607
  882     72      5     93      2  -0.158472
  883     72      5     95      0  -1.194695
  884     72      5     95      1  -0.968965
  885     72      5     95      3  -0.337599
  886     72      5     96      0  -0.134877
  887     72      5     96      1  -0.216145
  888     72      5     96      2  -1.760472
  889     72      5     96      3  -0.217277
  890     72      5     96      5  0.009559
  891     72      5     96      6  -1.750076
  892     72      6     72      6  4.643711
  893     72      6     85      0  -0.169204
  894     72      6     73      0  -0.441189
  895     72      6     73      1  -0.420413
  896     72      6     75      0  -0.155707
  897     72      6     76      0  -0.704698
  898     72      6     76      2  -0.695510
  899     72      6     76      3  -0.119230
  900     72      6     76      5  -0.122787
  901     72      6     77      0  -0.004871
  902     72      6     93      0  -0.262747
  903     72      6     93      1  -0.062878
  904     72      6     93      2  -0.068172
  905     72      6     95      0  -0.906259
  906     72      6     95      1  -1.018850
  907     72      6     95      3  -0.227316
  908     72      6     96      0  -0.929332
  909     72      6     96      1  -0.139953
  910     72      6     96      2  -0.818772
  911     72      6     96      3  -0.141060
  912     72      6     96      5  -0.886576
  913     72      6     96      6  -0.637636
  914     73      0     73      0  -2.519472
  915     73      0     85      0  -0.002771
  916     73      0     75      0  -0.017155
  917     73      0     76      0  -0.217017
  918     73      0     76      2  -0.193427
  919     73      0     76      3  -0.114071
  920     73      0     76      5  -0.111136
  921     73      0     77      0  -0.111764
  922     73      0     78      0  -0.002621
  923     73      1     73      1  -3.144490
  924     73      1     85      0  -0.002740
  925     73      1     75      0  -0.017217
  926     73      1     76      0  -0.216785
  927     73      1     76      2  -0.192870
  928     73      1     76      3  -0.114801
  929     73      1     76      5  -0.111336
  930     73      1     77      0  -0.123180
  931     73      1     78      0  -0.002644
  932     75      0     75      0  -2.230486
  933     75      0     79      0  -1.068701
  934     75      0     79      2  -1.007093
  935     75      0     79      6  -0.777696
  936     75      0     80      0  -0.004466
  937     75      0     85      0  -0.928845
  938     75      0     76      0  -0.144734
  939     75      0     76      2  -0.167044
  940     75      0     76      3  -0.062558
  941     75      0     76      5  -0.062936
  942     75      0     77      0  -0.023451
  943     75      0     78      0  -0.430247
  944     75      0     89      0  -0.030985
  945     75      0     89      1  -0.003841
  946     75      0     89      2  -0.032372
  947     75      0     89      3  -0.024948
  948     75      0     86      0  -0.004788
  949     75      0     86      2  -0.001023
  950     76      0     76      0  -2.595951
  951     76      0     79      0  -0.111805
  952     76      0     79      2  -0.105074
  953     76      0     79      6  -0.096862
  954     76      0     80      0  -0.140693
  955     76      0     85      0  -0.396437
  956     76      0     77      0  -0.185266
  957     76      0     78      0  -0.019366
  958     76      0     86      0  -0.037430
  959     76      0     86      2  -0.026872
  960     76      0     93      0  -0.040023
  961     76      0     93      1  -0.031780
  962     76      0     93      2  -0.014357
  963     76      2     76      2  13.379076
  964     76      2     79      0  -0.111541
  965     76      2     79      2  -0.104504
  966     76      2     79      6  -0.095713
  967     76      2     80      0  -0.139625
  968     76      2     85      0  -0.401605
  969     76      2     77      0  -0.183798
  970     76      2     78      0  -0.019900
  971     76      2     86      0  -0.035465
  972     76      2     86      2  -0.025107
  973     76      2     93      0  -0.039820
  974     76      2     93      1  -0.030823
  975     76      2     93      2  -0.014270
  976     76      3     76      3  17.376942
  977     76      3     79      0  -0.096328
  978     76      3     79      2  -0.094224
  979     76      3     79      6  -0.089398
  980     76      3     80      0  -0.645113
  981     76      3     85      0  -0.106179
  982     76      3     77      0  -0.357672
  983     76      3     78      0  -0.019326
  984     76      3     86      0  -0.016047
  985     76      3     86      2  -0.017934
  986     76      3     93      0  -0.012902
  987     76      3     93      1  -0.014494
  988     76      3     93      2  -0.004368
  989     76      5     76      5  27.298845
  990     76      5     79      0  -0.090799
  991     76      5     79      2  -0.088806
  992     76      5     79      6  -0.084058
  993     76      5     80      0  -0.593553
  994     76      5     85      0  -0.102033
  995     76      5     77      0  -0.383118
  996     76      5     78      0  -0.020127
  997     76      5     86      0  -0.016253
  998     76      5     86      2  -0.017857
  999     76      5     93      0  -0.012657
 1000     76      5     93      1  -0.015276
 1001     76      5     93      2  -0.004824
 1002     77      0     77      0  -1.276091
 1003     77      0     79      0  -0.024806
 1004     77      0     79      2  -0.025730
 1005     77      0     79      6  -0.025537
 1006     77      0     80      0  -0.934162
 1007     77      0     85      0  -0.002106
 1008     77      0     78      0  -0.161148
 1009     78      0     78      0  -1.184119
 1010     78      0     79      0  -0.499792
 1011     78      0     79      2  -0.611002
 1012     78      0     79      6  -0.721467
 1013     78      0     80      0  -0.049838
 1014     78      0     81      0  -0.005595
 1015     78      0     82      0  -0.019058
 1016     78      0     85      0  -0.025539
 1017     79      0     79      0  1.566856
 1018     79      0     80      0  -0.084385
 1019     79      0     81      0  -0.016208
 1020     79      0     82      0  -1.030784
 1021     79      0     85      0  -0.448735
 1022     79      0     89      0  -0.179158
 1023     79      0     89      1  -0.048906
 1024     79      0     89      2  -0.267977
 1025     79      0     89      3  -0.259943
 1026     79      0     86      0  -0.018392
 1027     79      0     86      2  -0.016236
 1028     79      2     79      2  27.382959
 1029     79      2     80      0  -0.086464
 1030     79      2     81      0  -0.015707
 1031     79      2     82      0  -0.960897
 1032     79      2     85      0  -1.492832
 1033     79      2     89      0  -0.199151
 1034     79      2     89      1  -0.053512
 1035     79      2     89      2  -0.310890
 1036     79      2     89      3  -0.304537
 1037     79      2     86      0  -0.019156
 1038     79      2     86      2  -0.017497
 1039     79      6     79      6  33.390066
 1040     79      6     80      0  -0.087297
 1041     79      6     81      0  -0.014994
 1042     79      6     82      0  -0.766050
 1043     79      6     85      0  -0.973942
 1044     79      6     89      0  -0.259134
 1045     79      6     89      1  -0.064204
 1046     79      6     89      2  -0.428925
 1047     79      6     89      3  -0.418950
 1048     79      6     86      0  -0.018705
 1049     79      6     86      2  -0.018188
 1050     80      0     80      0  -1.376542
 1051     80      0     81      0  -0.174001
 1052     80      0     82      0  -0.023077
 1053     80      0     85      0  -0.004601
 1054     81      0     81      0  -0.208607
 1055     81      0     82      0  -0.178916
 1056     82      0     82      0  -1.616063
 1057     82      0     85      0  -0.025161
 1058     82      0     89      0  -0.017026
 1059     82      0     89      1  -0.005485
 1060     82      0     89      2  -0.023928
 1061     82      0     89      3  -0.025652
 1062     85      0     85      0  -1.305596
 1063     85      0     89      0  -0.911589
 1064     85      0     89      1  -0.170403
 1065     85      0     89      2  -0.917277
 1066     85      0     89      3  -0.679945
 1067     85      0     91      0  -0.054655
 1068     85      0     91      3  -0.021767
 1069     85      0     86      0  -0.281193
 1070     85      0     86      2  -0.145514
 1071     85      0     93      0  -0.062700
 1072     85      0     93      1  -0.065520
 1073     85      0     93      2  -0.023720
 1074     86      0     86      0  2.197935
 1075     86      0     89      0  -0.114979
 1076     86      0     89      1  -0.072592
 1077     86      0     89      2  -0.102140
 1078     86      0     89      3  -0.080772
 1079     86      0     90      0  -0.006578
 1080     86      0     91      0  -0.150534
 1081     86      0     91      3  -0.116437
 1082     86      0     92      0  -0.056587
 1083     86      0     93      0  12.835038
 1084     86      0     93      1  2312.953110
 1085     86      0     93      2  13.327964
 1086     86      2     86      2  31.452353
 1087     86      2     89      0  -0.077590
 1088     86      2     89      1  -0.052403
 1089     86      2     89      2  -0.072685
 1090     86      2     89      3  -0.061627
 1091     86      2     90      0  -0.009863
 1092     86      2     91      0  -0.091798
 1093     86      2     91      3  -0.076507
 1094     86      2     92      0  -0.038229
 1095     86      2     93      0  -0.438798
 1096     86      2     93      1  19.642255
 1097     86      2     93      2  -0.400859
 1098     89      0     89      0  -2.105416
 1099     89      0     90      0  -0.084998
 1100     89      0     91      0  -1.551301
 1101     89      0     91      3  -0.732070
 1102     89      0     92      0  -0.002203
 1103     89      0     93      0  -0.013009
 1104     89      0     93      1  -0.017868
 1105     89      0     93      2  -0.005586
 1106     89      1     89      1  29.892976
 1107     89      1     90      0  -0.124925
 1108     89      1     91      0  1140.632967
 1109     89      1     91      3  1.196536
 1110     89      1     92      0  -0.003996
 1111     89      1     93      0  -0.007901
 1112     89      1     93      1  -0.012656
 1113     89      1     93      2  -0.004246
 1114     89      2     89      2  33.444553
 1115     89      2     90      0  -0.085441
 1116     89      2     91      0  -1.684905
 1117     89      2     91      3  -0.758489
 1118     89      2     92      0  -0.001437
 1119     89      2     93      0  -0.012957
 1120     89      2     93      1  -0.018069
 1121     89      2     93      2  -0.005570
 1122     89      3     89      3  48.583826
 1123     89      3     90      0  -0.095152
 1124     89      3     91      0  -1.352163
 1125     89      3     91      3  -0.692442
 1126     89      3     92      0  -0.001325
 1127     89      3     93      0  -0.008400
 1128     89      3     93      1  -0.012634
 1129     89      3     93      2  -0.003702
 1130     90      0     90      0  -0.172702
 1131     90      0     91      0  -0.092016
 1132     90      0     91      3  -0.151633
 1133     90      0     92      0  -0.001126
 1134     91      0     91      0  -1.526070
 1135     91      0     92      0  -0.083718
 1136     91      0     93      0  -0.028842
 1137     91      0     93      1  -0.039476
 1138     91      0     93      2  -0.022683
 1139     91      3     91      3  3.656382
 1140     91      3     92      0  -0.106910
 1141     91      3     93      0  -0.018730
 1142     91      3     93      1  -0.029779
 1143     91      3     93      2  -0.016609
 1144     92      0     92      0  -0.088390
 1145     92      0     93      0  -0.107681
 1146     92      0     93      1  -0.126867
 1147     92      0     93      2  -0.212078
 1148     92      0     95      0  -0.083925
 1149     92      0     95      1  -0.075041
 1150     92      0     95      3  -0.089710
 1151     93      0     93      0  -0.590528
 1152     93      0     95      0  -1.303675
 1153     93      0     95      1  -1.167390
 1154     93      0     95      3  -0.145459
 1155     93      1     93      1  6.056316
 1156     93      1     95      0  -0.762557
 1157     93      1     95      1  -0.721035
 1158     93      1     95      3  -0.060928
 1159     93      2     93      2  31.947323
 1160     93      2     95      0  399.175029
 1161     93      2     95      1  43.343288
 1162     93      2     95      3  -0.234284
