    1     44      2     44      2  5.394619
    2     44      2     45      1  -0.110398
    3     44      2     61      0  -0.401258
    4     44      2     46      0  -0.105716
    5     44      2     59      0  -0.000979
    6     44      2     59      1  -0.000947
    7     44      2     59      2  -0.000945
    8     44      2     59      3  -0.000943
    9     44      2     59      4  -0.000942
   10     44      2     59      5  -0.000941
   11     44      2     59      6  -0.002853
   12     44      2     59     11  -0.004630
   13     44      2     59     12  -0.002419
   14     44      2     59     14  -0.009569
   15     44      2     59     15  -0.003583
   16     44      2     59     16  -0.000939
   17     44      2     59     17  -0.008631
   18     44      2     59     19  -0.000912
   19     44      2     59     22  -0.012770
   20     44      2     60      0  -0.029403
   21     44      2     60      1  -0.026638
   22     44      2     63      0  -0.000869
   23     45      1     45      1  -2.491311
   24     45      1     49      0  -0.456485
   25     45      1     49      1  -0.579379
   26     45      1     49      2  -0.309350
   27     45      1     53      0  -0.004555
   28     45      1     61      0  -0.022162
   29     45      1     46      0  -0.113369
   30     45      1     47      0  -0.250008
   31     45      1     47      1  -0.212616
   32     45      1     47      3  -0.193412
   33     45      1     47      4  -0.183808
   34     45      1     47      5  -0.083520
   35     45      1     59      0  -0.201151
   36     45      1     59      1  -0.193118
   37     45      1     59      2  -0.159166
   38     45      1     59      3  -0.144983
   39     45      1     59      4  -0.148854
   40     45      1     59      5  -0.141488
   41     45      1     59      6  -0.579666
   42     45      1     59     11  -0.935054
   43     45      1     59     12  -0.632107
   44     45      1     59     14  1.073757
   45     45      1     59     15  -1.046879
   46     45      1     59     16  -0.122491
   47     45      1     59     17  -0.616414
   48     45      1     59     19  -0.128910
   49     45      1     59     22  25.253872
   50     45      1     55      0  -0.185669
   51     45      1     55      1  -0.147663
   52     45      1     55      2  -0.110024
   53     45      1     55      3  -0.125361
   54     45      1     55      4  -0.178701
   55     45      1     55      5  -0.166418
   56     45      1     60      0  -0.207024
   57     45      1     60      1  -0.100486
   58     45      1     63      0  -0.003098
   59     46      0     46      0  -2.828838
   60     46      0     49      0  -0.007011
   61     46      0     49      1  -0.007596
   62     46      0     49      2  -0.001832
   63     46      0     61      0  -1.160941
   64     46      0     47      0  -0.166762
   65     46      0     47      1  -0.166740
   66     46      0     47      3  -0.259774
   67     46      0     47      4  -0.153110
   68     46      0     47      5  -0.568702
   69     46      0     58      0  -0.020452
   70     46      0     59      0  -0.125667
   71     46      0     59      1  -0.065081
   72     46      0     59      2  -0.061255
   73     46      0     59      3  -0.059225
   74     46      0     59      4  -0.132088
   75     46      0     59      5  -0.100462
   76     46      0     59      6  -0.066194
   77     46      0     59     11  -0.101025
   78     46      0     59     12  -0.100812
   79     46      0     59     14  -0.090660
   80     46      0     59     15  -0.105914
   81     46      0     59     16  -0.066534
   82     46      0     59     17  -0.087219
   83     46      0     59     19  -0.087065
   84     46      0     59     22  -0.150016
   85     46      0     60      0  -0.068085
   86     46      0     60      1  -0.071406
   87     46      0     63      0  -0.008505
   88     47      0     47      0  -2.973747
   89     47      0     49      0  -1.358994
   90     47      0     49      1  -1.013124
   91     47      0     49      2  -0.833261
   92     47      0     50      0  -0.229574
   93     47      0     53      0  -0.562128
   94     47      0     61      0  -0.002022
   95     47      0     58      0  -0.039281
   96     47      0     59      0  2608225.055696
   97     47      0     59      1  35208706001748.710938
   98     47      0     59      2  231168102.445864
   99     47      0     59      3  3110529895842.332031
  100     47      0     59      4  148638.495590
  101     47      0     59      5  70644.591412
  102     47      0     59      6  -0.519861
  103     47      0     59     11  119.538098
  104     47      0     59     12  151945755.636050
  105     47      0     59     14  -1.316683
  106     47      0     59     15  312.415505
  107     47      0     59     16  186.093139
  108     47      0     59     17  -1.115740
  109     47      0     59     19  492.646370
  110     47      0     59     22  0.907800
  111     47      0     56      0  -0.205838
  112     47      0     60      0  -0.037525
  113     47      0     60      1  -0.023644
  114     47      1     47      1  -1.183941
  115     47      1     49      0  -0.710480
  116     47      1     49      1  -0.665358
  117     47      1     49      2  -0.266255
  118     47      1     50      0  -0.077344
  119     47      1     53      0  -0.211246
  120     47      1     61      0  -0.001999
  121     47      1     58      0  -0.077052
  122     47      1     59      0  2181763.234361
  123     47      1     59      1  85365159008.179474
  124     47      1     59      2  63520871.479519
  125     47      1     59      3  147675696044.452515
  126     47      1     59      4  24163.287016
  127     47      1     59      5  1760825.496053
  128     47      1     59      6  -1.769714
  129     47      1     59     11  4.332667
  130     47      1     59     12  32834.208109
  131     47      1     59     14  -1.222954
  132     47      1     59     15  13.735174
  133     47      1     59     16  758.182525
  134     47      1     59     17  -1.105903
  135     47      1     59     19  541.388411
  136     47      1     59     22  0.329364
  137     47      1     56      0  -0.429332
  138     47      1     60      0  -0.032904
  139     47      1     60      1  -0.022767
  140     47      3     47      3  4.802727
  141     47      3     49      0  -0.397488
  142     47      3     49      1  -0.385788
  143     47      3     49      2  -0.140041
  144     47      3     50      0  -0.044312
  145     47      3     53      0  -0.042209
  146     47      3     61      0  -0.003834
  147     47      3     58      0  -0.219404
  148     47      3     59      0  716224.804247
  149     47      3     59      1  -1.910219
  150     47      3     59      2  -2.076322
  151     47      3     59      3  -2.651819
  152     47      3     59      4  45615.338170
  153     47      3     59      5  1112058097.835980
  154     47      3     59      6  -0.937610
  155     47      3     59     11  -1.795675
  156     47      3     59     12  0.799107
  157     47      3     59     14  -0.861664
  158     47      3     59     15  -1.865498
  159     47      3     59     16  -2.281600
  160     47      3     59     17  -0.809822
  161     47      3     59     19  63.323690
  162     47      3     59     22  -1.496986
  163     47      3     56      0  -0.078089
  164     47      3     60      0  -0.024418
  165     47      3     60      1  -0.018298
  166     47      4     47      4  6.053486
  167     47      4     49      0  -0.488414
  168     47      4     49      1  -0.467484
  169     47      4     49      2  -0.189729
  170     47      4     50      0  -0.154593
  171     47      4     53      0  -0.109287
  172     47      4     61      0  -0.001977
  173     47      4     58      0  -0.030154
  174     47      4     59      0  1113178.328663
  175     47      4     59      1  -1.623731
  176     47      4     59      2  -1.792739
  177     47      4     59      3  -2.289194
  178     47      4     59      4  997.218983
  179     47      4     59      5  612.294672
  180     47      4     59      6  -0.654427
  181     47      4     59     11  -1.383791
  182     47      4     59     12  0.840124
  183     47      4     59     14  -0.560497
  184     47      4     59     15  -1.558660
  185     47      4     59     16  -1.523882
  186     47      4     59     17  -0.514267
  187     47      4     59     19  -1.330819
  188     47      4     59     22  -1.045890
  189     47      4     56      0  -0.051139
  190     47      4     60      0  -0.013009
  191     47      4     60      1  -0.007970
  192     47      5     47      5  9.845309
  193     47      5     49      0  -0.076003
  194     47      5     49      1  -0.075722
  195     47      5     49      2  -0.031730
  196     47      5     50      0  -0.014773
  197     47      5     53      0  -0.004819
  198     47      5     61      0  -0.007188
  199     47      5     58      0  -0.010267
  200     47      5     59      0  3.743357
  201     47      5     59      1  -0.248561
  202     47      5     59      2  -0.188072
  203     47      5     59      3  -0.184727
  204     47      5     59      4  -0.755928
  205     47      5     59      5  -0.621188
  206     47      5     59      6  -0.095895
  207     47      5     59     11  -0.283353
  208     47      5     59     12  -0.386956
  209     47      5     59     14  -0.091135
  210     47      5     59     15  -0.420017
  211     47      5     59     16  -0.163921
  212     47      5     59     17  -0.083829
  213     47      5     59     19  -0.242604
  214     47      5     59     22  -0.245205
  215     47      5     56      0  -0.001840
  216     47      5     60      0  -0.003959
  217     47      5     60      1  -0.001941
  218     49      0     49      0  -2.682026
  219     49      0     50      0  -0.304422
  220     49      0     51      0  -0.015371
  221     49      0     53      0  -0.678988
  222     49      0     54      0  -0.013719
  223     49      0     59      0  -0.490452
  224     49      0     59      1  7.260869
  225     49      0     59      2  -0.657306
  226     49      0     59      3  -0.530995
  227     49      0     59      4  -0.260695
  228     49      0     59      5  -0.256207
  229     49      0     59      6  7.769827
  230     49      0     59     11  375.993233
  231     49      0     59     12  300.870541
  232     49      0     59     14  -0.568473
  233     49      0     59     15  2040432.054093
  234     49      0     59     16  -0.210688
  235     49      0     59     17  -0.364917
  236     49      0     59     19  -0.215026
  237     49      0     59     22  -0.968096
  238     49      0     55      0  -0.231195
  239     49      0     55      1  -0.708729
  240     49      0     55      2  -0.500804
  241     49      0     55      3  -0.136108
  242     49      0     55      4  -0.866652
  243     49      0     55      5  -0.255453
  244     49      0     56      0  -0.013233
  245     49      0     60      0  -0.018929
  246     49      0     60      1  -0.008136
  247     49      1     49      1  49.001746
  248     49      1     50      0  -0.235655
  249     49      1     51      0  -0.012509
  250     49      1     53      0  -0.257638
  251     49      1     54      0  -0.005600
  252     49      1     59      0  -0.465749
  253     49      1     59      1  9.263452
  254     49      1     59      2  -0.555559
  255     49      1     59      3  -0.457356
  256     49      1     59      4  -0.244308
  257     49      1     59      5  -0.238902
  258     49      1     59      6  8.832637
  259     49      1     59     11  326.158792
  260     49      1     59     12  271.844386
  261     49      1     59     14  -0.550613
  262     49      1     59     15  1007588.477221
  263     49      1     59     16  -0.193868
  264     49      1     59     17  -0.348550
  265     49      1     59     19  -0.199968
  266     49      1     59     22  -0.959401
  267     49      1     55      0  -0.189111
  268     49      1     55      1  -0.519114
  269     49      1     55      2  -0.298138
  270     49      1     55      3  -0.107585
  271     49      1     55      4  -0.570060
  272     49      1     55      5  -0.207140
  273     49      1     56      0  -0.008832
  274     49      1     60      0  -0.019073
  275     49      1     60      1  -0.008171
  276     49      2     49      2  60.551878
  277     49      2     50      0  -0.309158
  278     49      2     51      0  -0.021814
  279     49      2     53      0  -0.652558
  280     49      2     54      0  -0.011356
  281     49      2     59      0  -0.165379
  282     49      2     59      1  -0.582231
  283     49      2     59      2  -0.295189
  284     49      2     59      3  -0.232133
  285     49      2     59      4  -0.096012
  286     49      2     59      5  -0.096638
  287     49      2     59      6  -0.734654
  288     49      2     59     11  -0.926238
  289     49      2     59     12  -0.775005
  290     49      2     59     14  -0.317438
  291     49      2     59     15  73.282894
  292     49      2     59     16  -0.082199
  293     49      2     59     17  -0.157316
  294     49      2     59     19  -0.079932
  295     49      2     59     22  -0.490211
  296     49      2     55      0  -0.154812
  297     49      2     55      1  -0.610821
  298     49      2     55      2  -0.463647
  299     49      2     55      3  -0.105052
  300     49      2     55      4  -0.718529
  301     49      2     55      5  -0.164102
  302     49      2     56      0  -0.008320
  303     49      2     60      0  -0.010995
  304     49      2     60      1  -0.003452
  305     50      0     50      0  -0.447309
  306     50      0     51      0  -0.069511
  307     50      0     53      0  -0.708542
  308     51      0     51      0  -1.176784
  309     51      0     53      0  -0.035422
  310      2      0      2      0  -0.959722
  311      2      0     27      0  -0.007719
  312      2      0     27      1  -0.007522
  313      2      0     28      0  -0.004933
  314      2      0     24      1  -0.010427
  315      2      0     26      0  -0.060265
  316      2      0      4      0  -0.044571
  317      2      0     30      0  -0.379999
  318      2      0     33      0  -0.552230
  319      2      0     35      0  -0.192398
  320     53      0     53      0  -1.377005
  321     53      0     54      0  -0.136401
  322     53      0     59      0  -0.063910
  323     53      0     59      1  -0.317426
  324     53      0     59      2  -0.303560
  325     53      0     59      3  -0.306522
  326     53      0     59      4  -0.048708
  327     53      0     59      5  -0.058941
  328     53      0     59      6  -0.119423
  329     53      0     59     11  -0.145985
  330     53      0     59     12  -0.258032
  331     53      0     59     14  -0.041973
  332     53      0     59     15  -0.155417
  333     53      0     59     16  -0.065882
  334     53      0     59     17  -0.033598
  335     53      0     59     19  -0.047303
  336     53      0     59     22  -0.049274
  337     53      0     55      0  -0.049958
  338     53      0     55      1  -0.119704
  339     53      0     55      2  -0.140155
  340     53      0     55      3  -0.040692
  341     53      0     55      4  -0.178451
  342     53      0     55      5  -0.054152
  343     53      0     56      0  -0.043675
  344      4      0      4      0  -2.558912
  345      4      0     22      2  -0.001781
  346      4      0     22      3  -0.005181
  347      4      0     22      7  -0.011610
  348      4      0     22     10  -0.005797
  349      4      0     22     13  -0.029366
  350      4      0     22     16  -0.002485
  351      4      0     22     18  -0.005684
  352      4      0     23      1  -0.002278
  353      4      0     23      4  -0.002297
  354      4      0     23      5  -0.002302
  355      4      0     23      6  -0.002305
  356      4      0     23      7  -0.002307
  357      4      0     23     10  -0.014445
  358      4      0     23     17  -0.008812
  359      4      0     23     33  -0.005053
  360      4      0      6      0  -0.293046
  361      4      0      6      1  -0.097332
  362      4      0     54      0  -0.712335
  363      4      0     27      0  0.786384
  364      4      0     27      1  0.422744
  365      4      0     28      0  -0.009854
  366      4      0     24      1  -0.027521
  367      4      0     25      0  -0.260284
  368      4      0     25      1  -0.253241
  369      4      0     25      6  -0.064437
  370      4      0     25      7  -0.056879
  371      4      0     26      0  -0.023926
  372      4      0     37      0  -0.006659
  373      4      0     37      2  -0.001042
  374      4      0     37      4  -0.009737
  375      4      0      5      0  -0.106232
  376      4      0      5      1  -0.149808
  377      4      0      5      2  -0.166759
  378      4      0     32      0  -0.047723
  379      4      0     32      1  -0.047846
  380      4      0     36      1  -0.003027
  381      4      0     55      0  -0.026167
  382      4      0     55      1  -0.030364
  383      4      0     55      2  -0.032433
  384      4      0     55      3  -0.028710
  385      4      0     55      4  -0.032363
  386      4      0     55      5  -0.027694
  387      4      0     56      0  -0.036608
  388      4      0     29      0  -0.011493
  389      4      0     30      0  -0.145405
  390      4      0     33      0  -0.034631
  391     54      0     54      0  -2.254948
  392     54      0     59      0  -0.010380
  393     54      0     59      1  -0.037762
  394     54      0     59      2  -0.070352
  395     54      0     59      3  -0.045603
  396     54      0     59      4  -0.009581
  397     54      0     59      5  -0.013146
  398     54      0     59      6  -0.042041
  399     54      0     59     11  -0.021623
  400     54      0     59     12  -0.020899
  401     54      0     59     14  -0.017257
  402     54      0     59     15  -0.014394
  403     54      0     59     16  -0.029085
  404     54      0     59     17  -0.017845
  405     54      0     59     19  -0.015293
  406     54      0     59     22  -0.010036
  407     54      0     55      0  -0.102514
  408     54      0     55      1  -0.126453
  409     54      0     55      2  -0.144075
  410     54      0     55      3  -0.105666
  411     54      0     55      4  -0.156572
  412     54      0     55      5  -0.112081
  413     54      0     56      0  -0.494982
  414      5      0      5      0  -3.040288
  415      5      0     49      0  -0.010097
  416      5      0     49      1  -0.007796
  417      5      0     49      2  -0.010288
  418      5      0     53      0  -0.005158
  419      5      0      8     32  -0.006247
  420      5      0      8     33  -0.006173
  421      5      0      8      9  -0.006153
  422      5      0      8     14  -0.006207
  423      5      0      8     15  -0.006195
  424      5      0      8     23  -0.006264
  425      5      0      8     26  -0.006344
  426      5      0      8     30  -0.006535
  427      5      0     21      3  -0.009831
  428      5      0     22      2  -0.907156
  429      5      0     22      3  27.003971
  430      5      0     22      7  11555.555864
  431      5      0     22     10  2.462281
  432      5      0     22     13  22.470693
  433      5      0     22     16  -0.640171
  434      5      0     22     18  1.334774
  435      5      0     23      1  -0.023483
  436      5      0     23      4  -0.021199
  437      5      0     23      5  -0.023859
  438      5      0     23      6  -0.024184
  439      5      0     23      7  -0.025923
  440      5      0     23     10  -0.041029
  441      5      0     23     17  -0.037482
  442      5      0     23     33  -0.021734
  443      5      0      6      0  -0.100726
  444      5      0      6      1  -0.107833
  445      5      0     54      0  -0.047458
  446      5      0     27      0  -0.008194
  447      5      0     27      1  -0.006118
  448      5      0     24      1  -0.126472
  449      5      0     25      0  -0.023488
  450      5      0     25      1  -0.022846
  451      5      0     25      6  -0.011833
  452      5      0     25      7  -0.008624
  453      5      0     59      0  -0.002406
  454      5      0     59      1  -0.008411
  455      5      0     59      2  -0.013562
  456      5      0     59      3  -0.006437
  457      5      0     59      4  -0.002395
  458      5      0     59      5  -0.002397
  459      5      0     59      6  -0.045613
  460      5      0     59     11  -0.023137
  461      5      0     59     12  -0.009060
  462      5      0     59     14  -0.036747
  463      5      0     59     15  -0.009382
  464      5      0     59     16  -0.002583
  465      5      0     59     17  -0.063743
  466      5      0     59     19  -0.002428
  467      5      0     59     22  -0.023302
  468      5      0     17      0  -0.041010
  469      5      0     37      0  -0.638431
  470      5      0     37      2  -0.554101
  471      5      0     37      4  20.930332
  472      5      0     39      0  -0.004678
  473      5      0     40      0  -0.464113
  474      5      0     32      0  -0.507240
  475      5      0     32      1  -0.452218
  476      5      0     36      1  -0.067015
  477      5      0     55      0  -0.844378
  478      5      0     55      1  1.580316
  479      5      0     55      2  -1.015261
  480      5      0     55      3  -0.810929
  481      5      0     55      4  -0.890946
  482      5      0     55      5  -0.611378
  483      5      0     56      0  -0.012050
  484      5      0     60      0  -0.019176
  485      5      0     60      1  -0.011563
  486      5      0     33      0  -0.040326
  487      5      0     35      0  -0.007130
  488      5      1      5      1  39.144901
  489      5      1     49      0  -0.014747
  490      5      1     49      1  -0.011189
  491      5      1     49      2  -0.014485
  492      5      1     53      0  -0.008423
  493      5      1      8     32  -0.006392
  494      5      1      8     33  -0.006286
  495      5      1      8      9  -0.006262
  496      5      1      8     14  -0.006340
  497      5      1      8     15  -0.006941
  498      5      1      8     23  -0.006375
  499      5      1      8     26  -0.006466
  500      5      1      8     30  -0.006687
  501      5      1     21      3  -0.009822
  502      5      1     22      2  -0.842934
  503      5      1     22      3  55.357093
  504      5      1     22      7  9030.485648
  505      5      1     22     10  2.130295
  506      5      1     22     13  36.848362
  507      5      1     22     16  -0.590012
  508      5      1     22     18  1.113009
  509      5      1     23      1  -0.021691
  510      5      1     23      4  -0.019361
  511      5      1     23      5  -0.022015
  512      5      1     23      6  -0.022271
  513      5      1     23      7  -0.023519
  514      5      1     23     10  -0.039862
  515      5      1     23     17  -0.036213
  516      5      1     23     33  -0.020283
  517      5      1      6      0  -0.113616
  518      5      1      6      1  -0.115616
  519      5      1     54      0  -0.094428
  520      5      1     27      0  -0.011332
  521      5      1     27      1  -0.008905
  522      5      1     24      1  -0.075705
  523      5      1     25      0  -0.026034
  524      5      1     25      1  -0.025289
  525      5      1     25      6  -0.012423
  526      5      1     25      7  -0.008558
  527      5      1     59      0  -0.006343
  528      5      1     59      1  -0.018343
  529      5      1     59      2  -0.028390
  530      5      1     59      3  -0.015891
  531      5      1     59      4  -0.006279
  532      5      1     59      5  -0.006330
  533      5      1     59      6  -0.081274
  534      5      1     59     11  -0.038995
  535      5      1     59     12  -0.017843
  536      5      1     59     14  -0.059865
  537      5      1     59     15  -0.017850
  538      5      1     59     16  -0.010309
  539      5      1     59     17  -0.109346
  540      5      1     59     19  -0.008094
  541      5      1     59     22  -0.038184
  542      5      1     17      0  -0.042717
  543      5      1     37      0  -0.394495
  544      5      1     37      2  -0.344708
  545      5      1     37      4  -0.640692
  546      5      1     39      0  -0.001012
  547      5      1     40      0  -0.376981
  548      5      1     32      0  -0.755294
  549      5      1     32      1  -0.624664
  550      5      1     36      1  -0.037701
  551      5      1     55      0  2.127822
  552      5      1     55      1  3.229964
  553      5      1     55      2  1.057806
  554      5      1     55      3  2.300209
  555      5      1     55      4  1.897123
  556      5      1     55      5  2.648691
  557      5      1     56      0  -0.028102
  558      5      1     60      0  -0.026926
  559      5      1     60      1  -0.015795
  560      5      1     33      0  -0.033832
  561      5      1     35      0  -0.002034
  562      5      2      5      2  40.509083
  563      5      2     49      0  -0.008520
  564      5      2     49      1  -0.006262
  565      5      2     49      2  -0.008025
  566      5      2     53      0  -0.005652
  567      5      2      8     32  -0.001440
  568      5      2      8     33  -0.001437
  569      5      2      8      9  -0.001418
  570      5      2      8     14  -0.001440
  571      5      2      8     15  -0.001415
  572      5      2      8     23  -0.001441
  573      5      2      8     26  -0.001445
  574      5      2      8     30  -0.001463
  575      5      2     21      3  -0.003289
  576      5      2     22      2  -0.373000
  577      5      2     22      3  -0.674755
  578      5      2     22      7  2.460324
  579      5      2     22     10  -0.519301
  580      5      2     22     13  2.838253
  581      5      2     22     16  -0.254340
  582      5      2     22     18  -0.473332
  583      5      2     23      1  -0.012718
  584      5      2     23      4  -0.011891
  585      5      2     23      5  -0.013082
  586      5      2     23      6  -0.013234
  587      5      2     23      7  -0.013116
  588      5      2     23     10  -0.025168
  589      5      2     23     17  -0.022906
  590      5      2     23     33  -0.013671
  591      5      2      6      0  -0.084397
  592      5      2      6      1  -0.079427
  593      5      2     54      0  -0.089660
  594      5      2     27      0  -0.011283
  595      5      2     27      1  -0.008879
  596      5      2     24      1  -0.110766
  597      5      2     25      0  -0.022204
  598      5      2     25      1  -0.022107
  599      5      2     25      6  -0.009521
  600      5      2     25      7  -0.007823
  601      5      2     59      0  -0.005060
  602      5      2     59      1  -0.013857
  603      5      2     59      2  -0.023149
  604      5      2     59      3  -0.012421
  605      5      2     59      4  -0.005004
  606      5      2     59      5  -0.005053
  607      5      2     59      6  -0.065438
  608      5      2     59     11  -0.027932
  609      5      2     59     12  -0.012123
  610      5      2     59     14  -0.048336
  611      5      2     59     15  -0.011906
  612      5      2     59     16  -0.008884
  613      5      2     59     17  -0.089536
  614      5      2     59     19  -0.006812
  615      5      2     59     22  -0.027307
  616      5      2     17      0  -0.026874
  617      5      2     37      0  -0.556957
  618      5      2     37      2  -0.388348
  619      5      2     37      4  16.785588
  620      5      2     39      0  -0.004686
  621      5      2     40      0  -0.464410
  622      5      2     32      0  -0.881709
  623      5      2     32      1  -0.737366
  624      5      2     36      1  -0.076887
  625      5      2     55      0  0.900067
  626      5      2     55      1  0.877486
  627      5      2     55      2  0.417344
  628      5      2     55      3  1.035830
  629      5      2     55      4  0.916439
  630      5      2     55      5  1.310808
  631      5      2     56      0  -0.026977
  632      5      2     60      0  -0.024160
  633      5      2     60      1  -0.015015
  634      5      2     33      0  -0.055501
  635      5      2     35      0  -0.007937
  636      6      0      6      0  -3.562346
  637      6      0     49      0  -0.012552
  638      6      0     49      1  -0.005676
  639      6      0     49      2  -0.014207
  640      6      0     51      0  -0.033837
  641      6      0     53      0  -0.053276
  642      6      0      8     32  -0.040734
  643      6      0      8     33  -0.041828
  644      6      0      8      9  -0.042662
  645      6      0      8     14  -0.042468
  646      6      0      8     15  -0.041377
  647      6      0      8     23  -0.041145
  648      6      0      8     26  -0.040884
  649      6      0      8     30  -0.041471
  650      6      0     21      3  -0.001617
  651      6      0     22      2  -0.023558
  652      6      0     22      3  -0.030289
  653      6      0     22      7  -0.066203
  654      6      0     22     10  -0.052344
  655      6      0     22     13  -0.089580
  656      6      0     22     16  -0.023824
  657      6      0     22     18  -0.062885
  658      6      0     23      1  -0.288949
  659      6      0     23      4  -0.173038
  660      6      0     23      5  -0.128876
  661      6      0     23      6  -0.139932
  662      6      0     23      7  -0.131122
  663      6      0     23     10  -1.384259
  664      6      0     23     17  -0.877671
  665      6      0     23     33  -0.194146
  666      6      0     54      0  -0.373536
  667      6      0     27      0  -0.416263
  668      6      0     27      1  -0.234981
  669      6      0     24      1  -0.040066
  670      6      0     25      0  74.247729
  671      6      0     25      1  50.222488
  672      6      0     25      6  -1.267003
  673      6      0     25      7  -0.638446
  674      6      0     26      0  -0.006874
  675      6      0     32      0  -0.002787
  676      6      0     32      1  -0.003333
  677      6      0     55      0  -0.031956
  678      6      0     55      1  -0.075040
  679      6      0     55      2  -0.108198
  680      6      0     55      3  -0.031422
  681      6      0     55      4  -0.111294
  682      6      0     55      5  -0.029729
  683      6      1      6      1  11.103473
  684      6      1     49      0  -0.012404
  685      6      1     49      1  -0.005770
  686      6      1     49      2  -0.014088
  687      6      1     51      0  -0.038666
  688      6      1     53      0  -0.048250
  689      6      1      8     32  -0.069417
  690      6      1      8     33  -0.070037
  691      6      1      8      9  -0.073705
  692      6      1      8     14  -0.074253
  693      6      1      8     15  -0.070893
  694      6      1      8     23  -0.072218
  695      6      1      8     26  -0.069028
  696      6      1      8     30  -0.071467
  697      6      1     21      3  -0.002691
  698      6      1     22      2  -0.035918
  699      6      1     22      3  -0.043370
  700      6      1     22      7  -0.088126
  701      6      1     22     10  -0.071400
  702      6      1     22     13  -0.150040
  703      6      1     22     16  -0.038137
  704      6      1     22     18  -0.085774
  705      6      1     23      1  -0.647530
  706      6      1     23      4  -0.464857
  707      6      1     23      5  -0.379347
  708      6      1     23      6  -0.402410
  709      6      1     23      7  -0.381295
  710      6      1     23     10  35.733550
  711      6      1     23     17  33.556178
  712      6      1     23     33  -0.559664
  713      6      1     54      0  -0.156281
  714      6      1     27      0  -0.141036
  715      6      1     27      1  -0.080692
  716      6      1     24      1  -0.066438
  717      6      1     25      0  -1.521641
  718      6      1     25      1  -1.933035
  719      6      1     25      6  -1.330135
  720      6      1     25      7  -0.667080
  721      6      1     26      0  -0.003335
  722      6      1     32      0  -0.001247
  723      6      1     32      1  -0.001241
  724      6      1     55      0  -0.028181
  725      6      1     55      1  -0.071499
  726      6      1     55      2  -0.102764
  727      6      1     55      3  -0.027595
  728      6      1     55      4  -0.104176
  729      6      1     55      5  -0.025020
  730     56      0     56      0  -2.290013
  731     56      0     58      0  -0.133926
  732     56      0     59      0  -0.343457
  733     56      0     59      1  -0.638590
  734     56      0     59      2  -0.903909
  735     56      0     59      3  -0.914800
  736     56      0     59      4  -0.367054
  737     56      0     59      5  -0.429043
  738     56      0     59      6  -0.370511
  739     56      0     59     11  -0.172740
  740     56      0     59     12  -0.206885
  741     56      0     59     14  -0.258952
  742     56      0     59     15  -0.153521
  743     56      0     59     16  18.932277
  744     56      0     59     17  -0.241490
  745     56      0     59     19  -0.099132
  746     56      0     59     22  -0.138091
  747     56      0     57      0  -0.682385
  748     56      0     60      0  -0.014320
  749     56      0     60      1  -0.014531
  750     56      0     63      0  -0.016515
  751     57      0     57      0  -0.776103
  752     57      0     58      0  -0.297704
  753     57      0     59      0  -0.036583
  754     57      0     59      1  -0.044415
  755     57      0     59      2  -0.057050
  756     57      0     59      3  -0.048571
  757     57      0     59      4  -0.042192
  758     57      0     59      5  -0.041772
  759     57      0     59      6  -0.065956
  760     57      0     59     11  -0.029625
  761     57      0     59     12  -0.027812
  762     57      0     59     14  -0.070109
  763     57      0     59     15  -0.024461
  764     57      0     59     16  -0.115590
  765     57      0     59     17  -0.072952
  766     57      0     59     19  -0.084669
  767     57      0     59     22  -0.030841
  768     57      0     60      0  -0.038758
  769     57      0     60      1  -0.081422
  770     57      0     63      0  -0.820326
  771      8     32      8     32  62.003905
  772      8     32     10      0  -0.002073
  773      8     32     11      0  -0.024996
  774      8     32     11      1  -0.029217
  775      8     32     51      0  -0.197384
  776      8     32      9      4  -0.342683
  777      8     32     18      0  -0.005255
  778      8     32     19      0  -0.003886
  779      8     32     19      2  -0.003788
  780      8     32     20      0  -0.075097
  781      8     32     21      3  -0.074274
  782      8     32     22      2  -0.061562
  783      8     32     22      3  -0.059678
  784      8     32     22      7  -0.083624
  785      8     32     22     10  -0.082884
  786      8     32     22     13  -0.075968
  787      8     32     22     16  -0.083368
  788      8     32     22     18  -0.120051
  789      8     32     23      1  78.806130
  790      8     32     23      4  85.869050
  791      8     32     23      5  101.496757
  792      8     32     23      6  20.888116
  793      8     32     23      7  46.200483
  794      8     32     23     10  -1.144583
  795      8     32     23     17  12.763661
  796      8     32     23     33  -1.645781
  797      8     32     24      1  -0.005735
  798      8     32     25      0  -0.009865
  799      8     32     25      1  -0.011116
  800      8     32     25      6  -0.032368
  801      8     32     25      7  -0.018429
  802      8     33      8     33  62.307751
  803      8     33     10      0  -0.001966
  804      8     33     11      0  -0.024781
  805      8     33     11      1  -0.028809
  806      8     33     51      0  -0.221028
  807      8     33      9      4  -0.305908
  808      8     33     18      0  -0.004670
  809      8     33     19      0  -0.004210
  810      8     33     19      2  -0.004749
  811      8     33     20      0  -0.079858
  812      8     33     21      3  -0.073847
  813      8     33     22      2  -0.061723
  814      8     33     22      3  -0.059754
  815      8     33     22      7  -0.083619
  816      8     33     22     10  -0.082876
  817      8     33     22     13  -0.075180
  818      8     33     22     16  -0.082938
  819      8     33     22     18  -0.120064
  820      8     33     23      1  6.690759
  821      8     33     23      4  2.551914
  822      8     33     23      5  47.514179
  823      8     33     23      6  0.110306
  824      8     33     23      7  40.557432
  825      8     33     23     10  -1.093553
  826      8     33     23     17  1688.860387
  827      8     33     23     33  -1.461039
  828      8     33     24      1  -0.005255
  829      8     33     25      0  -0.008747
  830      8     33     25      1  -0.010026
  831      8     33     25      6  -0.032297
  832      8     33     25      7  -0.017332
  833      8      9      8      9  23.517990
  834      8      9     10      0  -0.001083
  835      8      9     11      0  -0.024873
  836      8      9     11      1  -0.029074
  837      8      9     51      0  -0.157644
  838      8      9      9      4  -0.319624
  839      8      9     18      0  -0.006177
  840      8      9     19      0  -0.004409
  841      8      9     19      2  -0.004294
  842      8      9     20      0  -0.107776
  843      8      9     21      3  -0.078268
  844      8      9     22      2  -0.061696
  845      8      9     22      3  -0.059693
  846      8      9     22      7  -0.084377
  847      8      9     22     10  -0.082953
  848      8      9     22     13  -0.075075
  849      8      9     22     16  -0.084111
  850      8      9     22     18  -0.120321
  851      8      9     23      1  358.988249
  852      8      9     23      4  60.141083
  853      8      9     23      5  -0.812468
  854      8      9     23      6  -0.669577
  855      8      9     23      7  0.604905
  856      8      9     23     10  -1.278753
  857      8      9     23     17  850.240295
  858      8      9     23     33  -1.621456
  859      8      9     24      1  -0.005154
  860      8      9     25      0  -0.012008
  861      8      9     25      1  -0.012507
  862      8      9     25      6  -0.036500
  863      8      9     25      7  -0.020130
  864      8     14      8     14  29.239552
  865      8     14     10      0  -0.001096
  866      8     14     11      0  -0.025009
  867      8     14     11      1  -0.029384
  868      8     14     51      0  -0.151996
  869      8     14      9      4  -0.350409
  870      8     14     18      0  -0.005207
  871      8     14     19      0  -0.003923
  872      8     14     19      2  -0.003817
  873      8     14     20      0  -0.097069
  874      8     14     21      3  -0.077960
  875      8     14     22      2  -0.058904
  876      8     14     22      3  -0.057727
  877      8     14     22      7  -0.083700
  878      8     14     22     10  -0.082280
  879      8     14     22     13  -0.074141
  880      8     14     22     16  -0.083009
  881      8     14     22     18  -0.119538
  882      8     14     23      1  808.572357
  883      8     14     23      4  708.274557
  884      8     14     23      5  9.120059
  885      8     14     23      6  8.467331
  886      8     14     23      7  5.537336
  887      8     14     23     10  -1.333918
  888      8     14     23     17  85.239516
  889      8     14     23     33  -1.674124
  890      8     14     24      1  -0.005555
  891      8     14     25      0  -0.011519
  892      8     14     25      1  -0.012613
  893      8     14     25      6  -0.036901
  894      8     14     25      7  -0.020980
  895      8     15      8     15  30.256607
  896      8     15     10      0  -0.001084
  897      8     15     11      0  -0.024721
  898      8     15     11      1  -0.028777
  899      8     15     51      0  -0.173770
  900      8     15      9      4  -0.299172
  901      8     15     18      0  -0.006087
  902      8     15     19      0  -0.004793
  903      8     15     19      2  -0.005478
  904      8     15     20      0  -0.103757
  905      8     15     21      3  -0.076962
  906      8     15     22      2  -0.062910
  907      8     15     22      3  -0.060759
  908      8     15     22      7  -0.085402
  909      8     15     22     10  -0.083929
  910      8     15     22     13  -0.076415
  911      8     15     22     16  -0.084785
  912      8     15     22     18  -0.121279
  913      8     15     23      1  44.315279
  914      8     15     23      4  3.419781
  915      8     15     23      5  4.600357
  916      8     15     23      6  -1.439595
  917      8     15     23      7  25.407215
  918      8     15     23     10  -1.150275
  919      8     15     23     17  3706.418628
  920      8     15     23     33  -1.480821
  921      8     15     24      1  -0.003598
  922      8     15     25      0  -0.010596
  923      8     15     25      1  -0.011730
  924      8     15     25      6  -0.033769
  925      8     15     25      7  -0.019096
  926      8     23      8     23  44.944504
  927      8     23     10      0  -0.001980
  928      8     23     11      0  -0.025084
  929      8     23     11      1  -0.029462
  930      8     23     51      0  -0.164026
  931      8     23      9      4  -0.365385
  932      8     23     18      0  -0.004867
  933      8     23     19      0  -0.004386
  934      8     23     19      2  -0.004232
  935      8     23     20      0  -0.082320
  936      8     23     21      3  -0.076024
  937      8     23     22      2  -0.060198
  938      8     23     22      3  -0.059044
  939      8     23     22      7  -0.083129
  940      8     23     22     10  -0.082388
  941      8     23     22     13  -0.075152
  942      8     23     22     16  -0.082829
  943      8     23     22     18  -0.119581
  944      8     23     23      1  661.676211
  945      8     23     23      4  1224.996221
  946      8     23     23      5  49.260247
  947      8     23     23      6  38.831161
  948      8     23     23      7  34.838110
  949      8     23     23     10  -1.276160
  950      8     23     23     17  6.672747
  951      8     23     23     33  -1.687647
  952      8     23     24      1  -0.005854
  953      8     23     25      0  -0.010826
  954      8     23     25      1  -0.012003
  955      8     23     25      6  -0.034494
  956      8     23     25      7  -0.020202
  957      8     26      8     26  48.710971
  958      8     26     10      0  -0.001739
  959      8     26     11      0  -0.024623
  960      8     26     11      1  -0.028606
  961      8     26     51      0  -0.186734
  962      8     26      9      4  -0.296001
  963      8     26     18      0  -0.004993
  964      8     26     19      0  -0.005563
  965      8     26     19      2  -0.005532
  966      8     26     20      0  -0.088540
  967      8     26     21      3  -0.075199
  968      8     26     22      2  -0.064071
  969      8     26     22      3  -0.061870
  970      8     26     22      7  -0.086561
  971      8     26     22     10  -0.085032
  972      8     26     22     13  -0.078907
  973      8     26     22     16  -0.085784
  974      8     26     22     18  -0.122401
  975      8     26     23      1  6.844820
  976      8     26     23      4  3.378243
  977      8     26     23      5  117.963851
  978      8     26     23      6  1.367367
  979      8     26     23      7  120.787837
  980      8     26     23     10  -1.083408
  981      8     26     23     17  614.532614
  982      8     26     23     33  -1.482471
  983      8     26     24      1  -0.005625
  984      8     26     25      0  -0.007854
  985      8     26     25      1  -0.009747
  986      8     26     25      6  -0.031492
  987      8     26     25      7  -0.017228
  988      8     30      8     30  58.054740
  989      8     30     10      0  -0.001842
  990      8     30     11      0  -0.024657
  991      8     30     11      1  -0.028657
  992      8     30     51      0  -0.174398
  993      8     30      9      4  -0.314923
  994      8     30     18      0  -0.005265
  995      8     30     19      0  -0.004303
  996      8     30     19      2  -0.004154
  997      8     30     20      0  -0.075723
  998      8     30     21      3  -0.073829
  999      8     30     22      2  -0.063874
 1000      8     30     22      3  -0.061800
 1001      8     30     22      7  -0.086074
 1002      8     30     22     10  -0.085095
 1003      8     30     22     13  -0.080065
 1004      8     30     22     16  -0.085774
 1005      8     30     22     18  -0.122409
 1006      8     30     23      1  181.726418
 1007      8     30     23      4  194.527653
 1008      8     30     23      5  349.885527
 1009      8     30     23      6  67.306634
 1010      8     30     23      7  143.707661
 1011      8     30     23     10  -1.207010
 1012      8     30     23     17  8.626142
 1013      8     30     23     33  -1.720972
 1014      8     30     24      1  -0.006422
 1015      8     30     25      0  -0.010470
 1016      8     30     25      1  -0.011745
 1017      8     30     25      6  -0.033851
 1018      8     30     25      7  -0.020422
 1019     58      0     58      0  -0.319096
 1020     58      0     61      0  -0.000898
 1021     58      0     59      0  -0.162339
 1022     58      0     59      1  -0.116458
 1023     58      0     59      2  -0.119247
 1024     58      0     59      3  -0.127408
 1025     58      0     59      4  -0.333038
 1026     58      0     59      5  -0.209351
 1027     58      0     59      6  -0.072471
 1028     58      0     59     11  -0.056747
 1029     58      0     59     12  -0.062308
 1030     58      0     59     14  -0.078529
 1031     58      0     59     15  -0.055667
 1032     58      0     59     16  -0.416862
 1033     58      0     59     17  -0.075527
 1034     58      0     59     19  -0.477870
 1035     58      0     59     22  -0.058424
 1036     58      0     60      0  -0.016258
 1037     58      0     60      1  -0.027479
 1038     58      0     63      0  -0.034116
 1039      9      4      9      4  -1.236090
 1040      9      4     10      0  -0.132244
 1041      9      4     11      0  -0.417765
 1042      9      4     11      1  -0.931182
 1043      9      4     12      0  -0.112553
 1044      9      4     49      0  -0.013454
 1045      9      4     49      1  -0.025420
 1046      9      4     49      2  -0.031118
 1047      9      4     50      0  -0.001973
 1048      9      4     51      0  -0.199153
 1049      9      4     18      0  -0.093920
 1050      9      4     20      0  -0.459632
 1051      9      4     21      3  -1.690265
 1052      9      4     22      2  -0.028783
 1053      9      4     22      3  -0.023758
 1054      9      4     22      7  -0.038804
 1055      9      4     22     10  -0.047814
 1056      9      4     22     13  -0.011029
 1057      9      4     22     16  -0.062367
 1058      9      4     22     18  -0.080264
 1059      9      4     23      1  -0.044695
 1060      9      4     23      4  -0.019591
 1061      9      4     23      5  -0.033864
 1062      9      4     23      6  -0.017812
 1063      9      4     23      7  -0.061211
 1064      9      4     23     10  -0.015967
 1065      9      4     23     17  -0.047935
 1066      9      4     23     33  -0.006184
 1067     10      0     10      0  1.479260
 1068     10      0     11      0  -0.149612
 1069     10      0     11      1  -0.165520
 1070     10      0     12      0  -0.205487
 1071     10      0     15      0  -0.012966
 1072     10      0     49      0  -0.109606
 1073     10      0     49      1  -0.167477
 1074     10      0     49      2  -0.186173
 1075     10      0     50      0  -0.571689
 1076     10      0     51      0  -0.125301
 1077     10      0     53      0  -0.029372
 1078     10      0     21      3  -0.014418
 1079     60      0     60      0  -2.402726
 1080     60      0     61      0  -0.083460
 1081     60      0     63      0  -0.832478
 1082     60      1     60      1  43.398124
 1083     60      1     61      0  -0.091221
 1084     60      1     63      0  7.280825
 1085     11      0     11      0  -3.203725
 1086     11      0     12      0  -0.402680
 1087     11      0     15      0  -0.243847
 1088     11      0     49      0  -0.784488
 1089     11      0     49      1  69.186353
 1090     11      0     49      2  66.362667
 1091     11      0     50      0  -0.024181
 1092     11      0     51      0  -0.019890
 1093     11      0     53      0  -0.024446
 1094     11      0     18      0  -0.027299
 1095     11      0     21      3  -1.343457
 1096     11      0     22      2  -0.162003
 1097     11      0     22      3  -0.162988
 1098     11      0     22      7  -0.440885
 1099     11      0     22     10  0.152721
 1100     11      0     22     13  -0.044207
 1101     11      0     22     16  -0.343677
 1102     11      0     22     18  13.482208
 1103     11      0     13      0  -0.014734
 1104     11      0     44      2  -0.009510
 1105     11      0     45      1  -0.778503
 1106     11      0     47      0  -0.049541
 1107     11      0     47      1  -0.026689
 1108     11      0     47      3  -0.016593
 1109     11      0     47      4  -0.018670
 1110     11      0     47      5  -0.004653
 1111     11      0     59      0  -0.021837
 1112     11      0     59      1  -0.039227
 1113     11      0     59      2  -0.029610
 1114     11      0     59      3  -0.022634
 1115     11      0     59      4  -0.015026
 1116     11      0     59      5  -0.013531
 1117     11      0     59      6  -0.131980
 1118     11      0     59     11  -0.160299
 1119     11      0     59     12  -0.086679
 1120     11      0     59     14  -0.130787
 1121     11      0     59     15  -0.182357
 1122     11      0     59     16  -0.010953
 1123     11      0     59     17  -0.078936
 1124     11      0     59     19  -0.011890
 1125     11      0     59     22  -0.173843
 1126     11      0     17      0  -0.832186
 1127     11      0     55      0  -0.091527
 1128     11      0     55      1  -0.358104
 1129     11      0     55      2  -0.329263
 1130     11      0     55      3  -0.087351
 1131     11      0     55      4  -0.293110
 1132     11      0     55      5  -0.075606
 1133     11      0     60      0  -0.015428
 1134     11      0     60      1  -0.005568
 1135     11      1     11      1  5.859551
 1136     11      1     12      0  -0.473700
 1137     11      1     15      0  -0.268114
 1138     11      1     49      0  -0.613739
 1139     11      1     49      1  60.652199
 1140     11      1     49      2  56.713333
 1141     11      1     50      0  -0.021976
 1142     11      1     51      0  -0.022607
 1143     11      1     53      0  -0.018170
 1144     11      1     18      0  -0.042341
 1145     11      1     21      3  3.584615
 1146     11      1     22      2  -0.092751
 1147     11      1     22      3  -0.090088
 1148     11      1     22      7  -0.194948
 1149     11      1     22     10  -0.384696
 1150     11      1     22     13  -0.026511
 1151     11      1     22     16  -0.220097
 1152     11      1     22     18  -0.545509
 1153     11      1     13      0  -0.014273
 1154     11      1     44      2  -0.008690
 1155     11      1     45      1  -0.687705
 1156     11      1     47      0  -0.038207
 1157     11      1     47      1  -0.019642
 1158     11      1     47      3  -0.013682
 1159     11      1     47      4  -0.015700
 1160     11      1     47      5  -0.003713
 1161     11      1     59      0  -0.016058
 1162     11      1     59      1  -0.027705
 1163     11      1     59      2  -0.019226
 1164     11      1     59      3  -0.014451
 1165     11      1     59      4  -0.009992
 1166     11      1     59      5  -0.008507
 1167     11      1     59      6  -0.081721
 1168     11      1     59     11  -0.106465
 1169     11      1     59     12  -0.063779
 1170     11      1     59     14  -0.083491
 1171     11      1     59     15  -0.143070
 1172     11      1     59     16  -0.007232
 1173     11      1     59     17  -0.050571
 1174     11      1     59     19  -0.008136
 1175     11      1     59     22  -0.118135
 1176     11      1     17      0  -0.673112
 1177     11      1     55      0  -0.047975
 1178     11      1     55      1  -0.141149
 1179     11      1     55      2  -0.126155
 1180     11      1     55      3  -0.042780
 1181     11      1     55      4  -0.125484
 1182     11      1     55      5  -0.040203
 1183     11      1     60      0  -0.009621
 1184     11      1     60      1  -0.002797
 1185     12      0     12      0  -0.966412
 1186     12      0     15      0  0.744052
 1187     12      0     49      0  -0.019420
 1188     12      0     49      1  -0.042066
 1189     12      0     49      2  -0.039582
 1190     12      0     21      3  -0.140835
 1191     12      0     13      0  -0.121906
 1192     12      0     14      0  -0.020540
 1193     12      0     44      2  -0.004704
 1194     12      0     45      1  -0.054479
 1195     12      0     47      0  -0.001864
 1196     12      0     47      1  -0.001916
 1197     12      0     47      3  -0.001936
 1198     12      0     47      4  -0.001919
 1199     12      0     47      5  -0.000998
 1200     13      0     13      0  -2.452444
 1201     13      0     15      0  -0.075727
 1202     13      0     49      0  -0.013016
 1203     13      0     49      1  -0.018535
 1204     13      0     49      2  -0.010336
 1205     13      0     14      0  -1.354122
 1206     13      0     44      2  -0.022717
 1207     13      0     45      1  -0.112587
 1208     13      0     46      0  -0.071066
 1209     13      0     47      0  -0.140041
 1210     13      0     47      1  -0.134416
 1211     13      0     47      3  -0.142106
 1212     13      0     47      4  -0.142973
 1213     13      0     47      5  -0.466652
 1214     14      0     14      0  -1.085672
 1215     14      0     15      0  -0.089893
 1216     14      0     44      2  -0.374737
 1217     14      0     45      1  -0.061944
 1218     14      0     61      0  -0.071720
 1219     14      0     46      0  -0.200173
 1220     14      0     47      0  -0.013789
 1221     14      0     47      1  -0.013781
 1222     14      0     47      3  -0.014512
 1223     14      0     47      4  -0.013746
 1224     14      0     47      5  -0.064541
 1225     55      0     55      0  -2.140433
 1226     55      0     58      0  -0.007981
 1227     55      0     59      0  -0.507742
 1228     55      0     59      1  -0.878472
 1229     55      0     59      2  -1.146579
 1230     55      0     59      3  -0.772720
 1231     55      0     59      4  -0.485439
 1232     55      0     59      5  -0.489705
 1233     55      0     59      6  12869146.436167
 1234     55      0     59     11  709.024160
 1235     55      0     59     12  -0.948910
 1236     55      0     59     14  16526.367071
 1237     55      0     59     15  -0.951072
 1238     55      0     59     16  -0.569658
 1239     55      0     59     17  63519.593177
 1240     55      0     59     19  -0.505960
 1241     55      0     59     22  9190.717182
 1242     55      0     56      0  -0.156060
 1243     55      0     57      0  -0.056738
 1244     55      0     60      0  -0.733343
 1245     55      0     60      1  -0.347182
 1246     55      0     63      0  -0.095295
 1247     55      1     55      1  -2.314907
 1248     55      1     58      0  -0.000979
 1249     55      1     59      0  -0.190543
 1250     55      1     59      1  -0.506581
 1251     55      1     59      2  -0.714624
 1252     55      1     59      3  -0.387386
 1253     55      1     59      4  -0.172510
 1254     55      1     59      5  -0.174759
 1255     55      1     59      6  87.245165
 1256     55      1     59     11  227.357838
 1257     55      1     59     12  -0.634594
 1258     55      1     59     14  4.020193
 1259     55      1     59     15  -0.684751
 1260     55      1     59     16  -0.205777
 1261     55      1     59     17  -1.277605
 1262     55      1     59     19  -0.179725
 1263     55      1     59     22  35.827052
 1264     55      1     56      0  -0.097367
 1265     55      1     57      0  -0.022208
 1266     55      1     60      0  -0.170871
 1267     55      1     60      1  -0.064385
 1268     55      1     63      0  -0.024908
 1269     55      2     55      2  23.493150
 1270     55      2     58      0  -0.000935
 1271     55      2     59      0  -0.135743
 1272     55      2     59      1  -0.331338
 1273     55      2     59      2  -0.527766
 1274     55      2     59      3  -0.272239
 1275     55      2     59      4  -0.124309
 1276     55      2     59      5  -0.127206
 1277     55      2     59      6  1.608906
 1278     55      2     59     11  1.542064
 1279     55      2     59     12  -0.413861
 1280     55      2     59     14  -1.298718
 1281     55      2     59     15  -0.434092
 1282     55      2     59     16  -0.155570
 1283     55      2     59     17  -0.596270
 1284     55      2     59     19  -0.132888
 1285     55      2     59     22  -0.562501
 1286     55      2     56      0  -0.094767
 1287     55      2     57      0  -0.021669
 1288     55      2     60      0  -0.185952
 1289     55      2     60      1  -0.067681
 1290     55      2     63      0  -0.026162
 1291     55      3     55      3  28.908561
 1292     55      3     58      0  -0.009443
 1293     55      3     59      0  -0.270510
 1294     55      3     59      1  -0.460078
 1295     55      3     59      2  -0.737147
 1296     55      3     59      3  -0.417013
 1297     55      3     59      4  -0.260175
 1298     55      3     59      5  -0.263126
 1299     55      3     59      6  58.273679
 1300     55      3     59     11  -0.583024
 1301     55      3     59     12  -0.495911
 1302     55      3     59     14  1.815990
 1303     55      3     59     15  -0.500714
 1304     55      3     59     16  -0.333192
 1305     55      3     59     17  9614.073924
 1306     55      3     59     19  -0.283488
 1307     55      3     59     22  0.843641
 1308     55      3     56      0  -0.177320
 1309     55      3     57      0  -0.103722
 1310     55      3     60      0  -0.739726
 1311     55      3     60      1  -0.384571
 1312     55      3     63      0  -0.144227
 1313     55      4     55      4  34.421102
 1314     55      4     58      0  -0.001870
 1315     55      4     59      0  -0.270692
 1316     55      4     59      1  -0.681314
 1317     55      4     59      2  -0.920317
 1318     55      4     59      3  -0.524252
 1319     55      4     59      4  -0.246973
 1320     55      4     59      5  -0.249857
 1321     55      4     59      6  1032.428115
 1322     55      4     59     11  4248.886959
 1323     55      4     59     12  -0.629537
 1324     55      4     59     14  59.774972
 1325     55      4     59     15  -0.659667
 1326     55      4     59     16  -0.286445
 1327     55      4     59     17  4.201379
 1328     55      4     59     19  -0.254685
 1329     55      4     59     22  432.798084
 1330     55      4     56      0  -0.110863
 1331     55      4     57      0  -0.023261
 1332     55      4     60      0  -0.194767
 1333     55      4     60      1  -0.069552
 1334     55      4     63      0  -0.022957
 1335     55      5     55      5  53.924924
 1336     55      5     58      0  -0.014452
 1337     55      5     59      0  -0.615511
 1338     55      5     59      1  -1.069155
 1339     55      5     59      2  -1.098084
 1340     55      5     59      3  -0.943855
 1341     55      5     59      4  -0.591150
 1342     55      5     59      5  -0.597126
 1343     55      5     59      6  523020.760136
 1344     55      5     59     11  2539.297516
 1345     55      5     59     12  -0.918134
 1346     55      5     59     14  2133.942371
 1347     55      5     59     15  -0.887243
 1348     55      5     59     16  -0.729661
 1349     55      5     59     17  14741.096953
 1350     55      5     59     19  -0.632381
 1351     55      5     59     22  9838559873864.929688
 1352     55      5     56      0  -0.244043
 1353     55      5     57      0  -0.119855
 1354     55      5     60      0  -0.816660
 1355     55      5     60      1  -0.371195
 1356     55      5     63      0  -0.125747
 1357     15      0     15      0  -2.224204
 1358     15      0     49      0  -0.007532
 1359     15      0     49      1  -0.016464
 1360     15      0     49      2  -0.012700
 1361     15      0     18      0  -0.029209
 1362     15      0     21      3  -0.345423
 1363     15      0     44      2  -0.103709
 1364     15      0     45      1  -0.143439
 1365     15      0     17      0  -0.066689
 1366     17      0     17      0  -4.157351
 1367     17      0     49      0  -0.044140
 1368     17      0     49      1  -0.067767
 1369     17      0     49      2  -0.059151
 1370     17      0     18      0  -0.101451
 1371     17      0     19      0  -0.020472
 1372     17      0     19      2  -0.023434
 1373     17      0     20      0  -0.006297
 1374     17      0     21      3  -0.685644
 1375     17      0     22      2  -0.964963
 1376     17      0     22      3  -0.809407
 1377     17      0     22      7  -0.571404
 1378     17      0     22     10  -0.519325
 1379     17      0     22     13  -0.078380
 1380     17      0     22     16  -1.194336
 1381     17      0     22     18  -0.623825
 1382     17      0     44      2  -0.063311
 1383     17      0     45      1  -0.632984
 1384     17      0     37      0  -0.025563
 1385     17      0     37      2  -0.055654
 1386     17      0     37      4  -0.028400
 1387     17      0     39      0  -0.002722
 1388     17      0     40      0  -0.536042
 1389     17      0     41      0  -0.094324
 1390     17      0     42      0  -0.029878
 1391     17      0     43      0  -0.232155
 1392     17      0     55      0  -0.278413
 1393     17      0     55      1  -0.246868
 1394     17      0     55      2  -0.299503
 1395     17      0     55      3  -0.324764
 1396     17      0     55      4  -0.161828
 1397     17      0     55      5  -0.144913
 1398     17      0     60      0  -0.328776
 1399     17      0     60      1  -0.178394
 1400     18      0     18      0  -1.023171
 1401     18      0     19      0  -0.124685
 1402     18      0     19      2  -0.147536
 1403     18      0     20      0  -0.480563
 1404     18      0     21      3  -1.266467
 1405     18      0     22      2  -0.065025
 1406     18      0     22      3  -0.037838
 1407     18      0     22      7  -0.031474
 1408     18      0     22     10  -0.035761
 1409     18      0     22     13  -0.010405
 1410     18      0     22     16  -0.160173
 1411     18      0     22     18  -0.036749
 1412     18      0     40      0  -0.002668
 1413     18      0     41      0  -0.088960
 1414     18      0     42      0  -0.026161
 1415     19      0     19      0  -0.759919
 1416     19      0     20      0  -0.117296
 1417     19      0     21      3  -0.033050
 1418     19      0     22      2  -0.307928
 1419     19      0     22      3  -0.129019
 1420     19      0     22      7  -0.081357
 1421     19      0     22     10  -0.079646
 1422     19      0     22     13  -0.096836
 1423     19      0     22     16  -0.269091
 1424     19      0     22     18  -0.079780
 1425     19      0     23      1  -0.003531
 1426     19      0     23      4  -0.003462
 1427     19      0     23      5  -0.031749
 1428     19      0     23      6  -0.009612
 1429     19      0     23      7  -0.054712
 1430     19      0     23     10  -0.001036
 1431     19      0     23     17  -0.001033
 1432     19      0     23     33  -0.001100
 1433     19      0     37      0  -0.391279
 1434     19      0     37      2  -0.462071
 1435     19      0     37      4  -0.387825
 1436     19      0     40      0  -0.016131
 1437     19      0     41      0  -0.654338
 1438     19      0     38      0  -0.095348
 1439     19      2     19      2  38.468137
 1440     19      2     20      0  -0.117022
 1441     19      2     21      3  -0.035672
 1442     19      2     22      2  -0.254796
 1443     19      2     22      3  -0.107162
 1444     19      2     22      7  -0.068482
 1445     19      2     22     10  -0.067408
 1446     19      2     22     13  -0.076789
 1447     19      2     22     16  -0.248644
 1448     19      2     22     18  -0.067487
 1449     19      2     23      1  -0.003374
 1450     19      2     23      4  -0.003278
 1451     19      2     23      5  -0.029327
 1452     19      2     23      6  -0.009209
 1453     19      2     23      7  -0.052932
 1454     19      2     23     10  -0.000962
 1455     19      2     23     17  -0.000959
 1456     19      2     23     33  -0.001054
 1457     19      2     37      0  -0.232069
 1458     19      2     37      2  -0.264586
 1459     19      2     37      4  -0.250327
 1460     19      2     40      0  -0.013652
 1461     19      2     41      0  4.054029
 1462     19      2     38      0  -0.073449
 1463     20      0     20      0  -0.429115
 1464     20      0     21      3  -0.394581
 1465     20      0     22      2  -0.026843
 1466     20      0     22      3  -0.019603
 1467     20      0     22      7  -0.020152
 1468     20      0     22     10  -0.021723
 1469     20      0     22     13  -0.011981
 1470     20      0     22     16  -0.053786
 1471     20      0     22     18  -0.025793
 1472     20      0     23      1  -0.015026
 1473     20      0     23      4  -0.012908
 1474     20      0     23      5  -0.103134
 1475     20      0     23      6  -0.026418
 1476     20      0     23      7  -0.255893
 1477     20      0     23     10  -0.001572
 1478     20      0     23     17  -0.005775
 1479     20      0     23     33  -0.003786
 1480     21      3     21      3  7.736853
 1481     21      3     49      0  -0.019075
 1482     21      3     49      1  -0.037127
 1483     21      3     49      2  -0.038566
 1484     21      3     22      2  -0.406587
 1485     21      3     22      3  -0.349588
 1486     21      3     22      7  -0.446241
 1487     21      3     22     10  -0.558427
 1488     21      3     22     13  -0.107568
 1489     21      3     22     16  2.518522
 1490     21      3     22     18  -0.693035
 1491     21      3     23      1  -0.013764
 1492     21      3     23      4  -0.009671
 1493     21      3     23      5  -0.019427
 1494     21      3     23      6  -0.011621
 1495     21      3     23      7  -0.039637
 1496     21      3     23     10  -0.005752
 1497     21      3     23     17  -0.011178
 1498     21      3     23     33  -0.002893
 1499     21      3     45      1  -0.041265
 1500     21      3     37      0  -0.007475
 1501     21      3     37      2  -0.019340
 1502     21      3     37      4  -0.006208
 1503     21      3     40      0  -0.007339
 1504     21      3     41      0  -0.019649
 1505     21      3     55      0  -0.010448
 1506     21      3     55      1  -0.034173
 1507     21      3     55      2  -0.034094
 1508     21      3     55      3  -0.010044
 1509     21      3     55      4  -0.023182
 1510     21      3     55      5  -0.005558
 1511     22      2     22      2  -1.313333
 1512     22      2     49      0  -0.012887
 1513     22      2     49      1  -0.014124
 1514     22      2     49      2  -0.016863
 1515     22      2     23      1  -0.069419
 1516     22      2     23      4  -0.063882
 1517     22      2     23      5  -0.093305
 1518     22      2     23      6  -0.083016
 1519     22      2     23      7  -0.134469
 1520     22      2     23     10  -0.061985
 1521     22      2     23     17  -0.068096
 1522     22      2     23     33  -0.046108
 1523     22      2     24      1  -0.029615
 1524     22      2     37      0  -1.231814
 1525     22      2     37      2  92.495109
 1526     22      2     37      4  -1.218387
 1527     22      2     40      0  -0.833859
 1528     22      2     41      0  -0.268421
 1529     22      2     32      0  -0.040354
 1530     22      2     32      1  -0.029541
 1531     22      2     36      1  -0.010470
 1532     22      2     55      0  -0.223677
 1533     22      2     55      1  -0.541558
 1534     22      2     55      2  -0.480841
 1535     22      2     55      3  -0.226791
 1536     22      2     55      4  -0.202930
 1537     22      2     55      5  -0.111102
 1538     22      2     38      0  -0.032011
 1539     22      3     22      3  0.490328
 1540     22      3     49      0  -0.016531
 1541     22      3     49      1  -0.017495
 1542     22      3     49      2  -0.020591
 1543     22      3     23      1  -0.070743
 1544     22      3     23      4  -0.065169
 1545     22      3     23      5  -0.093399
 1546     22      3     23      6  -0.084171
 1547     22      3     23      7  -0.130602
 1548     22      3     23     10  -0.065269
 1549     22      3     23     17  -0.071371
 1550     22      3     23     33  -0.048358
 1551     22      3     24      1  -0.036792
 1552     22      3     37      0  -1.345133
 1553     22      3     37      2  73.843511
 1554     22      3     37      4  -1.386004
 1555     22      3     40      0  -0.324826
 1556     22      3     41      0  -0.087512
 1557     22      3     32      0  -0.095007
 1558     22      3     32      1  -0.070662
 1559     22      3     36      1  -0.023472
 1560     22      3     55      0  -0.484930
 1561     22      3     55      1  -0.829231
 1562     22      3     55      2  -0.782700
 1563     22      3     55      3  -0.463906
 1564     22      3     55      4  -0.332277
 1565     22      3     55      5  -0.217182
 1566     22      3     38      0  -0.026919
 1567     22      7     22      7  9.918718
 1568     22      7     49      0  -0.047218
 1569     22      7     49      1  -0.046565
 1570     22      7     49      2  -0.058445
 1571     22      7     23      1  -0.093944
 1572     22      7     23      4  -0.082486
 1573     22      7     23      5  -0.110896
 1574     22      7     23      6  -0.101351
 1575     22      7     23      7  -0.151327
 1576     22      7     23     10  -0.093916
 1577     22      7     23     17  -0.101972
 1578     22      7     23     33  -0.060034
 1579     22      7     24      1  -0.036360
 1580     22      7     37      0  -0.651494
 1581     22      7     37      2  2.067537
 1582     22      7     37      4  -0.641696
 1583     22      7     40      0  -0.381968
 1584     22      7     41      0  -0.031831
 1585     22      7     32      0  -0.079072
 1586     22      7     32      1  -0.056672
 1587     22      7     36      1  -0.008424
 1588     22      7     55      0  -0.866725
 1589     22      7     55      1  267.254410
 1590     22      7     55      2  59.969784
 1591     22      7     55      3  -0.897928
 1592     22      7     55      4  -1.219995
 1593     22      7     55      5  -0.551397
 1594     22      7     38      0  -0.008286
 1595     22     10     22     10  19.885366
 1596     22     10     49      0  -0.074381
 1597     22     10     49      1  -0.083371
 1598     22     10     49      2  -0.097024
 1599     22     10     23      1  -0.088151
 1600     22     10     23      4  -0.077178
 1601     22     10     23      5  -0.103768
 1602     22     10     23      6  -0.095402
 1603     22     10     23      7  -0.143689
 1604     22     10     23     10  -0.085998
 1605     22     10     23     17  -0.094282
 1606     22     10     23     33  -0.054722
 1607     22     10     24      1  -0.028770
 1608     22     10     37      0  -0.566059
 1609     22     10     37      2  2.245766
 1610     22     10     37      4  -0.528258
 1611     22     10     40      0  -0.272387
 1612     22     10     41      0  -0.032944
 1613     22     10     32      0  -0.047170
 1614     22     10     32      1  -0.032371
 1615     22     10     36      1  -0.004067
 1616     22     10     55      0  -0.732176
 1617     22     10     55      1  78.517166
 1618     22     10     55      2  36.665031
 1619     22     10     55      3  -0.761479
 1620     22     10     55      4  -1.199408
 1621     22     10     55      5  -0.424754
 1622     22     10     38      0  -0.008094
 1623     22     13     22     13  28.803307
 1624     22     13     49      0  -0.003649
 1625     22     13     49      1  -0.003355
 1626     22     13     49      2  -0.005860
 1627     22     13     23      1  -0.225452
 1628     22     13     23      4  -0.215774
 1629     22     13     23      5  -0.277515
 1630     22     13     23      6  -0.277068
 1631     22     13     23      7  -0.328046
 1632     22     13     23     10  -0.241289
 1633     22     13     23     17  -0.249232
 1634     22     13     23     33  -0.206325
 1635     22     13     24      1  1.612714
 1636     22     13     37      0  159.705532
 1637     22     13     37      2  32.663671
 1638     22     13     37      4  33.734908
 1639     22     13     40      0  -0.151751
 1640     22     13     41      0  -0.021804
 1641     22     13     32      0  -0.045626
 1642     22     13     32      1  -0.037738
 1643     22     13     36      1  -0.016795
 1644     22     13     55      0  -0.104258
 1645     22     13     55      1  -0.288493
 1646     22     13     55      2  -0.232470
 1647     22     13     55      3  -0.102542
 1648     22     13     55      4  -0.137041
 1649     22     13     55      5  -0.069963
 1650     22     13     38      0  -0.032022
 1651     22     16     22     16  49.519831
 1652     22     16     49      0  -0.016558
 1653     22     16     49      1  -0.020751
 1654     22     16     49      2  -0.024244
 1655     22     16     23      1  -0.078393
 1656     22     16     23      4  -0.070743
 1657     22     16     23      5  -0.107619
 1658     22     16     23      6  -0.091540
 1659     22     16     23      7  -0.155662
 1660     22     16     23     10  -0.067730
 1661     22     16     23     17  -0.075838
 1662     22     16     23     33  -0.048585
 1663     22     16     24      1  -0.024486
 1664     22     16     37      0  -0.697394
 1665     22     16     37      2  1.938729
 1666     22     16     37      4  -0.634079
 1667     22     16     40      0  -0.248666
 1668     22     16     41      0  -0.163269
 1669     22     16     32      0  -0.020820
 1670     22     16     32      1  -0.013646
 1671     22     16     36      1  -0.003347
 1672     22     16     55      0  -0.145656
 1673     22     16     55      1  -0.483039
 1674     22     16     55      2  -0.425964
 1675     22     16     55      3  -0.153465
 1676     22     16     55      4  -0.192578
 1677     22     16     55      5  -0.083857
 1678     22     16     38      0  -0.014320
 1679     22     18     22     18  44.009150
 1680     22     18     49      0  -0.073930
 1681     22     18     49      1  -0.082223
 1682     22     18     49      2  -0.104619
 1683     22     18     23      1  -0.105112
 1684     22     18     23      4  -0.089372
 1685     22     18     23      5  -0.118644
 1686     22     18     23      6  -0.107545
 1687     22     18     23      7  -0.162667
 1688     22     18     23     10  -0.103689
 1689     22     18     23     17  -0.114210
 1690     22     18     23     33  -0.062884
 1691     22     18     24      1  -0.029712
 1692     22     18     37      0  -0.558782
 1693     22     18     37      2  2.288240
 1694     22     18     37      4  -0.518476
 1695     22     18     40      0  -0.208001
 1696     22     18     41      0  -0.029356
 1697     22     18     32      0  -0.037396
 1698     22     18     32      1  -0.026132
 1699     22     18     36      1  -0.003855
 1700     22     18     55      0  -0.459711
 1701     22     18     55      1  46.484800
 1702     22     18     55      2  4.145513
 1703     22     18     55      3  -0.491101
 1704     22     18     55      4  -0.955702
 1705     22     18     55      5  -0.285955
 1706     22     18     38      0  -0.006906
 1707     23      1     23      1  -1.897234
 1708     23      1     24      1  -0.078131
 1709     23      1     25      0  -0.154969
 1710     23      1     25      1  -0.174172
 1711     23      1     25      6  -0.705454
 1712     23      1     25      7  -0.350111
 1713     23      1     37      0  -0.028090
 1714     23      1     37      2  -0.016637
 1715     23      1     37      4  -0.016925
 1716     23      4     23      4  4.564503
 1717     23      4     24      1  -0.085065
 1718     23      4     25      0  -0.124383
 1719     23      4     25      1  -0.134959
 1720     23      4     25      6  -0.606835
 1721     23      4     25      7  -0.608189
 1722     23      4     37      0  -0.028108
 1723     23      4     37      2  -0.016473
 1724     23      4     37      4  -0.016788
 1725     23      5     23      5  4.732267
 1726     23      5     24      1  -0.087793
 1727     23      5     25      0  -0.060516
 1728     23      5     25      1  -0.065644
 1729     23      5     25      6  -0.196726
 1730     23      5     25      7  -0.173854
 1731     23      5     37      0  -0.046362
 1732     23      5     37      2  -0.028756
 1733     23      5     37      4  -0.028191
 1734     23      6     23      6  6.332051
 1735     23      6     24      1  -0.107957
 1736     23      6     25      0  -0.079120
 1737     23      6     25      1  -0.085468
 1738     23      6     25      6  -0.262890
 1739     23      6     25      7  -0.285343
 1740     23      6     37      0  -0.045360
 1741     23      6     37      2  -0.025711
 1742     23      6     37      4  -0.026982
 1743     23      7     23      7  5.387618
 1744     23      7     24      1  -0.089456
 1745     23      7     25      0  -0.060743
 1746     23      7     25      1  -0.065867
 1747     23      7     25      6  -0.198116
 1748     23      7     25      7  -0.174720
 1749     23      7     37      0  -0.055802
 1750     23      7     37      2  -0.039584
 1751     23      7     37      4  -0.034843
 1752     23     10     23     10  7.974792
 1753     23     10     24      1  -0.106060
 1754     23     10     25      0  -1.335735
 1755     23     10     25      1  -1.400232
 1756     23     10     25      6  17.284878
 1757     23     10     25      7  -1.331456
 1758     23     10     37      0  -0.028560
 1759     23     10     37      2  -0.014937
 1760     23     10     37      4  -0.017263
 1761     23     17     23     17  17.194437
 1762     23     17     24      1  -0.103418
 1763     23     17     25      0  -0.386401
 1764     23     17     25      1  -0.449833
 1765     23     17     25      6  -1.428993
 1766     23     17     25      7  -0.782741
 1767     23     17     37      0  -0.028750
 1768     23     17     37      2  -0.014934
 1769     23     17     37      4  -0.017285
 1770     23     33     23     33  44.330035
 1771     23     33     24      1  -0.162784
 1772     23     33     25      0  -0.191674
 1773     23     33     25      1  -0.207530
 1774     23     33     25      6  -1.004901
 1775     23     33     25      7  -1.097495
 1776     23     33     37      0  -0.031395
 1777     23     33     37      2  -0.014553
 1778     23     33     37      4  -0.017333
 1779     24      1     24      1  -0.707378
 1780     24      1     27      0  -0.007330
 1781     24      1     27      1  -0.004145
 1782     24      1     25      0  -0.066194
 1783     24      1     25      1  -0.066796
 1784     24      1     25      6  -0.080288
 1785     24      1     25      7  -0.101584
 1786     24      1     26      0  -0.011130
 1787     24      1     37      0  -0.301954
 1788     24      1     37      2  -0.087791
 1789     24      1     37      4  -0.264929
 1790     24      1     32      0  -0.004736
 1791     24      1     32      1  -0.004630
 1792     24      1     33      0  -0.005836
 1793     24      1     35      0  -0.010117
 1794     63      0     63      0  -3.594432
 1795     25      0     25      0  -1.791827
 1796     25      0     54      0  -0.289208
 1797     25      0     27      0  13.677906
 1798     25      0     27      1  -1.130656
 1799     25      0     26      0  -0.111138
 1800     25      1     25      1  0.538197
 1801     25      1     54      0  -0.266480
 1802     25      1     27      0  94.775526
 1803     25      1     27      1  -1.177378
 1804     25      1     26      0  -0.110115
 1805     25      6     25      6  8.269120
 1806     25      6     54      0  -0.037357
 1807     25      6     27      0  -0.593991
 1808     25      6     27      1  -0.196651
 1809     25      6     26      0  -0.088848
 1810     25      7     25      7  8.685845
 1811     25      7     54      0  -0.021128
 1812     25      7     27      0  -0.388051
 1813     25      7     27      1  -0.139865
 1814     25      7     26      0  -0.139063
 1815     26      0     26      0  -1.381458
 1816     26      0     27      0  -0.104254
 1817     26      0     27      1  -0.077983
 1818     26      0     28      0  -0.039393
 1819     26      0     30      0  -0.023172
 1820     27      0     27      0  -1.930720
 1821     27      0     53      0  -0.007901
 1822     27      0     54      0  -0.426245
 1823     27      0     28      0  -0.105609
 1824     27      0     29      0  -0.051039
 1825     27      0     30      0  -0.057120
 1826     27      1     27      1  37.446163
 1827     27      1     53      0  -0.009855
 1828     27      1     54      0  -0.408103
 1829     27      1     28      0  -0.167899
 1830     27      1     29      0  -0.094527
 1831     27      1     30      0  -0.062114
 1832     28      0     28      0  -0.327215
 1833     28      0     54      0  -0.016094
 1834     28      0     29      0  -0.421803
 1835     28      0     30      0  -0.137803
 1836     29      0     29      0  -0.123163
 1837     29      0     54      0  -0.085873
 1838     29      0     56      0  -0.178080
 1839     29      0     30      0  -0.081022
 1840     30      0     30      0  -1.020620
 1841     30      0     54      0  -0.041420
 1842     30      0     32      0  -0.015242
 1843     30      0     32      1  -0.018357
 1844     30      0     56      0  -0.050207
 1845     30      0     33      0  -0.082137
 1846     61      0     61      0  -1.131765
 1847     61      0     63      0  -0.015460
 1848     32      0     32      0  -4.186056
 1849     32      0     54      0  -0.040802
 1850     32      0     58      0  -0.013511
 1851     32      0     59      0  -0.041653
 1852     32      0     59      1  -0.059744
 1853     32      0     59      2  -0.081577
 1854     32      0     59      3  -0.058858
 1855     32      0     59      4  -0.042381
 1856     32      0     59      5  -0.042744
 1857     32      0     59      6  -0.237680
 1858     32      0     59     11  -0.074256
 1859     32      0     59     12  -0.048446
 1860     32      0     59     14  -0.294261
 1861     32      0     59     15  -0.045832
 1862     32      0     59     16  -0.071599
 1863     32      0     59     17  -0.512827
 1864     32      0     59     19  -0.054910
 1865     32      0     59     22  -0.094269
 1866     32      0     37      0  -0.040984
 1867     32      0     37      2  -0.033078
 1868     32      0     37      4  -0.082867
 1869     32      0     39      0  -0.032496
 1870     32      0     40      0  -0.926862
 1871     32      0     36      1  -0.637385
 1872     32      0     55      0  -0.559722
 1873     32      0     55      1  -0.449716
 1874     32      0     55      2  -0.470312
 1875     32      0     55      3  18538.198687
 1876     32      0     55      4  -0.446187
 1877     32      0     55      5  608.399404
 1878     32      0     56      0  -0.151431
 1879     32      0     57      0  -0.732915
 1880     32      0     60      0  -0.336897
 1881     32      0     60      1  -0.338510
 1882     32      0     33      0  -0.470978
 1883     32      0     35      0  -0.008247
 1884     32      0     63      0  -1.600760
 1885     32      1     32      1  5.333277
 1886     32      1     54      0  -0.038547
 1887     32      1     58      0  -0.016072
 1888     32      1     59      0  -0.023847
 1889     32      1     59      1  -0.037561
 1890     32      1     59      2  -0.052678
 1891     32      1     59      3  -0.038296
 1892     32      1     59      4  -0.024662
 1893     32      1     59      5  -0.025003
 1894     32      1     59      6  -0.118730
 1895     32      1     59     11  -0.040713
 1896     32      1     59     12  -0.028199
 1897     32      1     59     14  -0.128047
 1898     32      1     59     15  -0.026057
 1899     32      1     59     16  -0.050137
 1900     32      1     59     17  -0.206461
 1901     32      1     59     19  -0.037973
 1902     32      1     59     22  -0.048030
 1903     32      1     37      0  -0.035509
 1904     32      1     37      2  -0.027944
 1905     32      1     37      4  -0.074595
 1906     32      1     39      0  -0.034885
 1907     32      1     40      0  -0.630971
 1908     32      1     36      1  -0.678031
 1909     32      1     55      0  -0.727364
 1910     32      1     55      1  -0.260245
 1911     32      1     55      2  -0.265426
 1912     32      1     55      3  1.783346
 1913     32      1     55      4  -0.252792
 1914     32      1     55      5  0.298231
 1915     32      1     56      0  -0.158051
 1916     32      1     57      0  0.936111
 1917     32      1     60      0  -0.124748
 1918     32      1     60      1  -0.154687
 1919     32      1     33      0  -0.562658
 1920     32      1     35      0  -0.008890
 1921     32      1     63      0  -0.885560
 1922     33      0     33      0  -0.742166
 1923     33      0     37      0  -0.013213
 1924     33      0     37      2  -0.005022
 1925     33      0     37      4  -0.024330
 1926     33      0     39      0  -0.029916
 1927     33      0     36      1  -0.787375
 1928     33      0     55      0  -0.007908
 1929     33      0     55      1  -0.002728
 1930     33      0     55      2  -0.002730
 1931     33      0     55      3  -0.013248
 1932     33      0     55      4  -0.003370
 1933     33      0     55      5  -0.010964
 1934     33      0     57      0  -0.041517
 1935     33      0     35      0  -0.215802
 1936     35      0     35      0  -0.462472
 1937     35      0     37      0  -0.031834
 1938     35      0     37      2  -0.028879
 1939     35      0     37      4  -0.041217
 1940     35      0     39      0  -0.073086
 1941     35      0     36      1  -0.316072
 1942     35      0     38      0  -0.039795
 1943     36      1     36      1  -0.497393
 1944     36      1     37      0  -0.076069
 1945     36      1     37      2  -0.067561
 1946     36      1     37      4  -0.133497
 1947     36      1     39      0  -1.509072
 1948     36      1     40      0  -0.291652
 1949     36      1     41      0  -0.001885
 1950     36      1     43      0  -0.014774
 1951     36      1     55      0  -0.016105
 1952     36      1     55      1  -0.005503
 1953     36      1     55      2  -0.005564
 1954     36      1     55      3  -0.020596
 1955     36      1     55      4  -0.004114
 1956     36      1     55      5  -0.013647
 1957     36      1     57      0  -0.016676
 1958     36      1     60      0  -0.008372
 1959     36      1     60      1  -0.009667
 1960     36      1     38      0  -0.059365
 1961     36      1     63      0  1.745338
 1962     37      0     37      0  -2.237721
 1963     37      0     39      0  -0.026028
 1964     37      0     40      0  -0.256108
 1965     37      0     41      0  -0.105652
 1966     37      0     55      0  -0.026683
 1967     37      0     55      1  -0.033055
 1968     37      0     55      2  -0.031982
 1969     37      0     55      3  -0.027365
 1970     37      0     55      4  -0.019447
 1971     37      0     55      5  -0.016501
 1972     37      0     38      0  -0.524869
 1973     37      2     37      2  37.353659
 1974     37      2     39      0  -0.035237
 1975     37      2     40      0  -0.412125
 1976     37      2     41      0  -0.139003
 1977     37      2     55      0  -0.035910
 1978     37      2     55      1  -0.050546
 1979     37      2     55      2  -0.045687
 1980     37      2     55      3  -0.034921
 1981     37      2     55      4  -0.024602
 1982     37      2     55      5  -0.019728
 1983     37      2     38      0  27.449908
 1984     37      4     37      4  51.470512
 1985     37      4     39      0  -0.034089
 1986     37      4     40      0  -0.362223
 1987     37      4     41      0  -0.116837
 1988     37      4     55      0  -0.038855
 1989     37      4     55      1  -0.043987
 1990     37      4     55      2  -0.041224
 1991     37      4     55      3  -0.038515
 1992     37      4     55      4  -0.025732
 1993     37      4     55      5  -0.024757
 1994     37      4     38      0  -0.575715
 1995     38      0     38      0  -1.306618
 1996     38      0     39      0  -0.188962
 1997     38      0     40      0  -0.042533
 1998     38      0     41      0  -0.087360
 1999     59      0     59      0  -2.833124
 2000     59      0     61      0  -0.006208
 2001     59      0     60      0  -0.187785
 2002     59      0     60      1  -0.118510
 2003     59      0     63      0  -0.012073
 2004     59      1     59      1  -0.163543
 2005     59      1     61      0  -0.003918
 2006     59      1     60      0  -0.196867
 2007     59      1     60      1  -0.119969
 2008     59      1     63      0  -0.012119
 2009     59      2     59      2  28.176493
 2010     59      2     61      0  -0.003894
 2011     59      2     60      0  -0.203170
 2012     59      2     60      1  -0.123548
 2013     59      2     63      0  -0.015386
 2014     59      3     59      3  6.979417
 2015     59      3     61      0  -0.003881
 2016     59      3     60      0  -0.187208
 2017     59      3     60      1  -0.115096
 2018     59      3     63      0  -0.012043
 2019     59      4     59      4  12.806200
 2020     59      4     61      0  -0.006350
 2021     59      4     60      0  -0.183301
 2022     59      4     60      1  -0.118028
 2023     59      4     63      0  -0.012180
 2024     59      5     59      5  16.022446
 2025     59      5     61      0  -0.005262
 2026     59      5     60      0  -0.179206
 2027     59      5     60      1  -0.113617
 2028     59      5     63      0  -0.012760
 2029     59      6     59      6  45.528810
 2030     59      6     61      0  -0.005870
 2031     59      6     60      0  -0.696571
 2032     59      6     60      1  -0.375688
 2033     59      6     63      0  -0.046042
 2034     59     11     59     11  35.242528
 2035     59     11     61      0  -0.008276
 2036     59     11     60      0  -0.388543
 2037     59     11     60      1  -0.184863
 2038     59     11     63      0  -0.016262
 2039     59     12     59     12  37.070086
 2040     59     12     61      0  -0.006105
 2041     59     12     60      0  -0.256848
 2042     59     12     60      1  -0.143187
 2043     59     12     63      0  -0.011876
 2044     59     14     59     14  71.098760
 2045     59     14     61      0  -0.013705
 2046     59     14     60      0  191.592767
 2047     59     14     60      1  -0.507845
 2048     59     14     63      0  -0.081769
 2049     59     15     59     15  45.640657
 2050     59     15     61      0  -0.006252
 2051     59     15     60      0  -0.267877
 2052     59     15     60      1  -0.147563
 2053     59     15     63      0  -0.011995
 2054     59     16     59     16  46.957543
 2055     59     16     61      0  -0.003889
 2056     59     16     60      0  -0.191573
 2057     59     16     60      1  -0.127243
 2058     59     16     63      0  -0.020439
 2059     59     17     59     17  58.600615
 2060     59     17     61      0  -0.013786
 2061     59     17     60      0  158.670932
 2062     59     17     60      1  -1.008333
 2063     59     17     63      0  -0.108166
 2064     59     19     59     19  57.025387
 2065     59     19     61      0  -0.004065
 2066     59     19     60      0  -0.187723
 2067     59     19     60      1  -0.125786
 2068     59     19     63      0  -0.020169
 2069     59     22     59     22  74.647226
 2070     59     22     61      0  -0.017560
 2071     59     22     60      0  -0.848737
 2072     59     22     60      1  -0.397832
 2073     59     22     63      0  -0.029795
 2074     39      0     39      0  -1.561243
 2075     39      0     40      0  -0.248060
 2076     39      0     41      0  -0.020108
 2077     39      0     42      0  -0.000931
 2078     39      0     43      0  -0.116232
 2079     39      0     60      0  -0.007043
 2080     39      0     60      1  -0.007618
 2081     39      0     63      0  -0.402819
 2082     40      0     40      0  -2.895860
 2083     40      0     44      2  -0.001794
 2084     40      0     45      1  -0.016400
 2085     40      0     41      0  -0.090662
 2086     40      0     42      0  -0.006394
 2087     40      0     43      0  -0.671286
 2088     40      0     55      0  -0.601629
 2089     40      0     55      1  -0.205165
 2090     40      0     55      2  -0.225199
 2091     40      0     55      3  -0.631008
 2092     40      0     55      4  -0.127658
 2093     40      0     55      5  -0.314585
 2094     40      0     60      0  -0.626513
 2095     40      0     60      1  -0.517940
 2096     40      0     63      0  -0.878322
 2097     41      0     41      0  -2.862292
 2098     41      0     42      0  -0.449477
 2099     41      0     43      0  -0.041013
 2100     42      0     42      0  -0.457101
 2101     42      0     44      2  -0.020971
 2102     42      0     43      0  -0.071455
 2103     43      0     43      0  -4.035593
 2104     43      0     44      2  -0.090058
 2105     43      0     45      1  -0.020719
 2106     43      0     61      0  -0.087964
 2107     43      0     59      0  -0.001822
 2108     43      0     59      1  -0.001813
 2109     43      0     59      2  -0.001809
 2110     43      0     59      3  -0.001806
 2111     43      0     59      4  -0.001804
 2112     43      0     59      5  -0.001803
 2113     43      0     59      6  -0.007803
 2114     43      0     59     11  -0.004068
 2115     43      0     59     12  -0.002701
 2116     43      0     59     14  -0.032566
 2117     43      0     59     15  -0.002738
 2118     43      0     59     16  -0.001799
 2119     43      0     59     17  -0.042445
 2120     43      0     59     19  -0.001798
 2121     43      0     59     22  -0.019822
 2122     43      0     60      0  -0.825387
 2123     43      0     60      1  -0.831549
 2124     43      0     63      0  -0.769277
