    1     17      0     17      0  -1.221945
    2     17      0     28      0  -0.001922
    3     17      0     25      0  -0.000860
    4     17      0     26      0  -0.082205
    5     17      0     19      0  -0.022807
    6     17      0     19      1  -0.023568
    7     17      0     19      2  -0.021715
    8     17      0     19      5  -0.070570
    9     17      0     19      6  -0.060799
   10     17      0     19      9  -0.073542
   11     17      0     19     10  -0.055282
   12     17      0     19     15  -0.056985
   13     17      0     19     17  -0.066818
   14     17      0     20      0  -0.058466
   15     17      0     24      0  -0.003638
   16     17      0     24      1  -0.008846
   17     17      2     17      2  3.529588
   18     17      2     28      0  -0.001926
   19     17      2     25      0  -0.000885
   20     17      2     26      0  -0.154410
   21     17      2     19      0  -0.017783
   22     17      2     19      1  -0.018845
   23     17      2     19      2  -0.016958
   24     17      2     19      5  -0.052824
   25     17      2     19      6  -0.045678
   26     17      2     19      9  -0.055752
   27     17      2     19     10  -0.041195
   28     17      2     19     15  -0.044068
   29     17      2     19     17  -0.052114
   30     17      2     20      0  -0.073773
   31     17      2     24      0  -0.003692
   32     17      2     24      1  -0.008771
   33     17      3     17      3  3.637815
   34     17      3     28      0  -0.001927
   35     17      3     25      0  -0.000863
   36     17      3     26      0  -0.081892
   37     17      3     19      0  -0.022862
   38     17      3     19      1  -0.023650
   39     17      3     19      2  -0.021738
   40     17      3     19      5  -0.069427
   41     17      3     19      6  -0.060444
   42     17      3     19      9  -0.072355
   43     17      3     19     10  -0.054509
   44     17      3     19     15  -0.056183
   45     17      3     19     17  -0.065771
   46     17      3     20      0  -0.060489
   47     17      3     24      0  -0.003634
   48     17      3     24      1  -0.008879
   49     19      0     19      0  -2.023694
   50     19      0     28      0  -0.012922
   51     19      0     33      0  -0.073266
   52     19      0     33      2  -0.062211
   53     19      0     33      3  -0.016090
   54     19      0     33      5  -0.077901
   55     19      0     33      7  -0.012533
   56     19      0     34      0  -0.017407
   57     19      0     37     32  -0.885866
   58     19      0     37      1  -1.021586
   59     19      0     37      6  -1.041793
   60     19      0     37     10  -1.195332
   61     19      0     37     13  -1.049860
   62     19      0     37     20  11.265388
   63     19      0     37     23  -1.621887
   64     19      0     37     26  23.509623
   65     19      0     25      0  -0.004716
   66     19      0     26      0  -0.011285
   67     19      0     20      0  -0.337136
   68     19      0     21      0  -0.140718
   69     19      0     22      0  2.171465
   70     19      0     22      1  0.885492
   71     19      0     22      2  -0.518566
   72     19      0     22      6  -0.675109
   73     19      0     22     13  -0.660902
   74     19      0     24      0  -0.517577
   75     19      0     24      1  15.772918
   76     19      0     39      0  -0.010940
   77     19      0     40      0  -0.750544
   78     19      1     19      1  4.894009
   79     19      1     28      0  -0.012978
   80     19      1     33      0  -0.072884
   81     19      1     33      2  -0.061449
   82     19      1     33      3  -0.016094
   83     19      1     33      5  -0.078118
   84     19      1     33      7  -0.012637
   85     19      1     34      0  -0.017851
   86     19      1     37     32  -1.301777
   87     19      1     37      1  -1.017928
   88     19      1     37      6  -1.040645
   89     19      1     37     10  -1.167860
   90     19      1     37     13  -1.040625
   91     19      1     37     20  9.940551
   92     19      1     37     23  -1.583467
   93     19      1     37     26  10.682725
   94     19      1     25      0  -0.004020
   95     19      1     26      0  -0.011112
   96     19      1     20      0  -0.321458
   97     19      1     21      0  -0.122433
   98     19      1     22      0  19.005112
   99     19      1     22      1  12.283485
  100     19      1     22      2  3.222785
  101     19      1     22      6  -0.657369
  102     19      1     22     13  -0.639222
  103     19      1     24      0  -0.530800
  104     19      1     24      1  16.838738
  105     19      1     39      0  -0.009894
  106     19      1     40      0  -0.640952
  107     19      2     19      2  8.411146
  108     19      2     28      0  -0.012846
  109     19      2     33      0  -0.071262
  110     19      2     33      2  -0.060248
  111     19      2     33      3  -0.015411
  112     19      2     33      5  -0.075644
  113     19      2     33      7  -0.011404
  114     19      2     34      0  -0.016892
  115     19      2     37     32  -1.079157
  116     19      2     37      1  -1.081726
  117     19      2     37      6  -1.064813
  118     19      2     37     10  -1.155795
  119     19      2     37     13  -1.063484
  120     19      2     37     20  9.799836
  121     19      2     37     23  -1.544914
  122     19      2     37     26  8.042908
  123     19      2     25      0  -0.005546
  124     19      2     26      0  -0.011221
  125     19      2     20      0  -0.327826
  126     19      2     21      0  -0.155295
  127     19      2     22      0  -0.746321
  128     19      2     22      1  -0.498727
  129     19      2     22      2  -1.371846
  130     19      2     22      6  -0.663343
  131     19      2     22     13  -0.652470
  132     19      2     24      0  -0.521691
  133     19      2     24      1  17.538201
  134     19      2     39      0  -0.009812
  135     19      2     40      0  -0.789421
  136     19      5     19      5  38.496970
  137     19      5     28      0  -0.024207
  138     19      5     33      0  -0.181343
  139     19      5     33      2  -0.166514
  140     19      5     33      3  -0.031379
  141     19      5     33      5  -0.173403
  142     19      5     33      7  -0.024445
  143     19      5     34      0  -0.016738
  144     19      5     37     32  -1.113974
  145     19      5     37      1  -1.301060
  146     19      5     37      6  -0.434959
  147     19      5     37     10  16.292575
  148     19      5     37     13  -1.194408
  149     19      5     37     20  4147.820784
  150     19      5     37     23  809.658508
  151     19      5     37     26  -1.439224
  152     19      5     25      0  -0.004737
  153     19      5     26      0  -0.016625
  154     19      5     20      0  -0.226004
  155     19      5     21      0  -0.029726
  156     19      5     22      0  -0.357644
  157     19      5     22      1  -0.361095
  158     19      5     22      2  -0.325405
  159     19      5     22      6  -0.193833
  160     19      5     22     13  -0.190676
  161     19      5     24      0  -0.595653
  162     19      5     24      1  18.258463
  163     19      5     39      0  -0.012417
  164     19      5     40      0  -0.411604
  165     19      6     19      6  40.327706
  166     19      6     28      0  -0.025795
  167     19      6     33      0  -0.202841
  168     19      6     33      2  -0.180587
  169     19      6     33      3  -0.031731
  170     19      6     33      5  -0.194442
  171     19      6     33      7  -0.025412
  172     19      6     34      0  -0.016969
  173     19      6     37     32  -1.201925
  174     19      6     37      1  -1.337550
  175     19      6     37      6  -1.274502
  176     19      6     37     10  3.891748
  177     19      6     37     13  -1.216650
  178     19      6     37     20  286.078879
  179     19      6     37     23  174.473323
  180     19      6     37     26  -1.415543
  181     19      6     25      0  -0.004742
  182     19      6     26      0  -0.016528
  183     19      6     20      0  -0.216433
  184     19      6     21      0  -0.029800
  185     19      6     22      0  -0.352252
  186     19      6     22      1  -0.357976
  187     19      6     22      2  -0.318673
  188     19      6     22      6  -0.190042
  189     19      6     22     13  -0.187288
  190     19      6     24      0  -0.624148
  191     19      6     24      1  18.452981
  192     19      6     39      0  -0.011847
  193     19      6     40      0  -0.420799
  194     19      9     19      9  48.114568
  195     19      9     28      0  -0.023924
  196     19      9     33      0  -0.156419
  197     19      9     33      2  -0.142437
  198     19      9     33      3  -0.028899
  199     19      9     33      5  -0.150692
  200     19      9     33      7  -0.022923
  201     19      9     34      0  -0.016157
  202     19      9     37     32  -1.169552
  203     19      9     37      1  -1.195939
  204     19      9     37      6  -0.525908
  205     19      9     37     10  8.603742
  206     19      9     37     13  -1.129054
  207     19      9     37     20  23514.662519
  208     19      9     37     23  431.719010
  209     19      9     37     26  -1.302769
  210     19      9     25      0  -0.004923
  211     19      9     26      0  -0.016807
  212     19      9     20      0  -0.224525
  213     19      9     21      0  -0.029963
  214     19      9     22      0  -0.380078
  215     19      9     22      1  -0.380719
  216     19      9     22      2  -0.346212
  217     19      9     22      6  -0.201171
  218     19      9     22     13  -0.197640
  219     19      9     24      0  -0.585550
  220     19      9     24      1  18.927154
  221     19      9     39      0  -0.013476
  222     19      9     40      0  -0.491280
  223     19     10     19     10  48.882778
  224     19     10     28      0  -0.027414
  225     19     10     33      0  -0.192661
  226     19     10     33      2  -0.164809
  227     19     10     33      3  -0.030302
  228     19     10     33      5  -0.185891
  229     19     10     33      7  -0.024429
  230     19     10     34      0  -0.016433
  231     19     10     37     32  -1.122196
  232     19     10     37      1  -1.180273
  233     19     10     37      6  -1.336843
  234     19     10     37     10  -1.160896
  235     19     10     37     13  -1.084342
  236     19     10     37     20  53.115916
  237     19     10     37     23  19.842822
  238     19     10     37     26  -1.317360
  239     19     10     25      0  -0.004945
  240     19     10     26      0  -0.016493
  241     19     10     20      0  -0.206486
  242     19     10     21      0  -0.030016
  243     19     10     22      0  -0.364304
  244     19     10     22      1  -0.370500
  245     19     10     22      2  -0.327428
  246     19     10     22      6  -0.190931
  247     19     10     22     13  -0.188299
  248     19     10     24      0  -0.642961
  249     19     10     24      1  18.932453
  250     19     10     39      0  -0.012232
  251     19     10     40      0  -0.520516
  252     19     15     19     15  63.680735
  253     19     15     28      0  -0.027448
  254     19     15     33      0  -0.161254
  255     19     15     33      2  -0.136701
  256     19     15     33      3  -0.027168
  257     19     15     33      5  -0.156727
  258     19     15     33      7  -0.021725
  259     19     15     34      0  -0.015582
  260     19     15     37     32  -1.161536
  261     19     15     37      1  -1.171568
  262     19     15     37      6  -1.303211
  263     19     15     37     10  -1.631227
  264     19     15     37     13  -1.093005
  265     19     15     37     20  25.799693
  266     19     15     37     23  -0.032179
  267     19     15     37     26  -1.372597
  268     19     15     25      0  -0.005127
  269     19     15     26      0  -0.016758
  270     19     15     20      0  -0.204087
  271     19     15     21      0  -0.030195
  272     19     15     22      0  -0.386001
  273     19     15     22      1  -0.389752
  274     19     15     22      2  -0.345945
  275     19     15     22      6  -0.195194
  276     19     15     22     13  -0.192347
  277     19     15     24      0  -0.630182
  278     19     15     24      1  19.157117
  279     19     15     39      0  -0.013336
  280     19     15     40      0  -0.614833
  281     19     17     19     17  67.305851
  282     19     17     28      0  -0.025312
  283     19     17     33      0  -0.142914
  284     19     17     33      2  -0.125102
  285     19     17     33      3  -0.026372
  286     19     17     33      5  -0.139170
  287     19     17     33      7  -0.020829
  288     19     17     34      0  -0.015388
  289     19     17     37     32  -1.336820
  290     19     17     37      1  -1.363002
  291     19     17     37      6  -1.407602
  292     19     17     37     10  -1.105337
  293     19     17     37     13  -1.287369
  294     19     17     37     20  183.242802
  295     19     17     37     23  7.864391
  296     19     17     37     26  -1.306282
  297     19     17     25      0  -0.005123
  298     19     17     26      0  -0.017098
  299     19     17     20      0  -0.213270
  300     19     17     21      0  -0.030065
  301     19     17     22      0  -0.398703
  302     19     17     22      1  -0.398298
  303     19     17     22      2  -0.360364
  304     19     17     22      6  -0.201915
  305     19     17     22     13  -0.198526
  306     19     17     24      0  -0.596634
  307     19     17     24      1  19.247483
  308     19     17     39      0  -0.014193
  309     19     17     40      0  -0.617017
  310     20      0     20      0  -1.305920
  311     20      0     25      0  -0.064027
  312     20      0     26      0  -0.354646
  313     20      0     21      0  -0.398432
  314     20      0     22      0  -0.029082
  315     20      0     22      1  -0.031299
  316     20      0     22      2  -0.027699
  317     20      0     22      6  -0.017647
  318     20      0     22     13  -0.017674
  319     20      0     24      0  -0.063544
  320     20      0     24      1  -0.155227
  321     21      0     21      0  -0.172709
  322     21      0     22      0  -0.139412
  323     21      0     22      1  -0.149889
  324     21      0     22      2  -0.146138
  325     21      0     22      6  -0.055354
  326     21      0     22     13  -0.054860
  327     21      0     24      0  -0.006013
  328     21      0     24      1  -0.014507
  329     21      0     40      0  -0.011647
  330     22      0     22      0  -1.161847
  331     22      0     33      0  -0.022565
  332     22      0     33      2  -0.019764
  333     22      0     33      3  -0.007470
  334     22      0     33      5  -0.023960
  335     22      0     33      7  -0.006593
  336     22      0     34      0  -0.037159
  337     22      0     36      0  -0.023896
  338     22      0     37     32  -1.500121
  339     22      0     37      1  -0.856052
  340     22      0     37      6  -0.853738
  341     22      0     37     10  -0.779708
  342     22      0     37     13  -0.755476
  343     22      0     37     20  -0.958834
  344     22      0     37     23  -0.708585
  345     22      0     37     26  248.618516
  346     22      0     38      0  -0.046419
  347     22      0     24      0  -0.149836
  348     22      0     24      1  -0.173804
  349     22      0     40      0  -0.396198
  350     22      1     22      1  2.922509
  351     22      1     33      0  -0.021559
  352     22      1     33      2  -0.019528
  353     22      1     33      3  -0.007245
  354     22      1     33      5  -0.023855
  355     22      1     33      7  -0.006310
  356     22      1     34      0  -0.037508
  357     22      1     36      0  -0.025195
  358     22      1     37     32  -1.514213
  359     22      1     37      1  -0.766742
  360     22      1     37      6  -0.758703
  361     22      1     37     10  -0.686698
  362     22      1     37     13  -0.672691
  363     22      1     37     20  -0.873223
  364     22      1     37     23  -0.626001
  365     22      1     37     26  16.093016
  366     22      1     38      0  -0.046101
  367     22      1     24      0  -0.151234
  368     22      1     24      1  -0.176674
  369     22      1     40      0  -0.348408
  370     22      2     22      2  4.346167
  371     22      2     33      0  -0.023949
  372     22      2     33      2  -0.021974
  373     22      2     33      3  -0.010385
  374     22      2     33      5  -0.025346
  375     22      2     33      7  -0.008595
  376     22      2     34      0  -0.038653
  377     22      2     36      0  -0.025032
  378     22      2     37     32  -0.409078
  379     22      2     37      1  -0.993374
  380     22      2     37      6  -0.994649
  381     22      2     37     10  -0.922993
  382     22      2     37     13  -0.884619
  383     22      2     37     20  -1.083442
  384     22      2     37     23  -0.840562
  385     22      2     37     26  3141.124369
  386     22      2     38      0  -0.054049
  387     22      2     24      0  -0.153186
  388     22      2     24      1  -0.173690
  389     22      2     40      0  -0.372049
  390     22      6     22      6  15.200571
  391     22      6     33      0  -0.044145
  392     22      6     33      2  -0.041265
  393     22      6     33      3  -0.027883
  394     22      6     33      5  -0.050628
  395     22      6     33      7  -0.025196
  396     22      6     34      0  -0.149861
  397     22      6     36      0  -0.130378
  398     22      6     37     32  -1.791163
  399     22      6     37      1  1.641897
  400     22      6     37      6  2.789079
  401     22      6     37     10  -0.799326
  402     22      6     37     13  -0.963528
  403     22      6     37     20  -1.665147
  404     22      6     37     23  -1.248516
  405     22      6     37     26  69.005156
  406     22      6     38      0  -0.059266
  407     22      6     24      0  -0.233654
  408     22      6     24      1  -0.193152
  409     22      6     40      0  -0.064779
  410     22     13     22     13  22.400294
  411     22     13     33      0  -0.044663
  412     22     13     33      2  -0.041206
  413     22     13     33      3  -0.028041
  414     22     13     33      5  -0.051944
  415     22     13     33      7  -0.025670
  416     22     13     34      0  -0.187637
  417     22     13     36      0  -0.139738
  418     22     13     37     32  -1.721495
  419     22     13     37      1  -0.646454
  420     22     13     37      6  -0.923550
  421     22     13     37     10  -1.149714
  422     22     13     37     13  -1.126791
  423     22     13     37     20  -1.531684
  424     22     13     37     23  -1.116199
  425     22     13     37     26  2.970943
  426     22     13     38      0  -0.053285
  427     22     13     24      0  -0.257764
  428     22     13     24      1  -0.200950
  429     22     13     40      0  -0.061834
  430     24      0     24      0  -2.803253
  431     24      0     28      0  -0.748840
  432     24      0     29      0  -0.006447
  433     24      0     29      1  -0.004210
  434     24      0     30      0  -0.010372
  435     24      0     30      1  -0.011461
  436     24      0     30      2  -0.007575
  437     24      0     30     10  -0.011645
  438     24      0     30     11  -0.007898
  439     24      0     30     13  -0.010431
  440     24      0     30     14  -0.003681
  441     24      0     30     16  -0.003691
  442     24      0     32      1  -0.014683
  443     24      0     33      0  -0.681287
  444     24      0     33      2  -0.381687
  445     24      0     33      3  -0.100029
  446     24      0     33      5  -0.757710
  447     24      0     33      7  -0.098702
  448     24      0     34      0  -0.430478
  449     24      0     37     32  -0.353902
  450     24      0     37      1  -0.387838
  451     24      0     37      6  -0.361794
  452     24      0     37     10  -0.474126
  453     24      0     37     13  -0.405430
  454     24      0     37     20  1684.749281
  455     24      0     37     23  -1.208514
  456     24      0     37     26  -0.356327
  457     24      0     25      0  -0.081551
  458     24      0     26      0  -0.032578
  459     24      0     40      0  -0.010085
  460     24      1     24      1  102.362509
  461     24      1     28      0  -0.713105
  462     24      1     29      0  -0.005557
  463     24      1     29      1  -0.004083
  464     24      1     30      0  -0.007769
  465     24      1     30      1  -0.008561
  466     24      1     30      2  -0.005231
  467     24      1     30     10  -0.008528
  468     24      1     30     11  -0.005483
  469     24      1     30     13  -0.006952
  470     24      1     30     14  -0.002783
  471     24      1     30     16  -0.002793
  472     24      1     32      1  -0.011685
  473     24      1     33      0  -0.479284
  474     24      1     33      2  -0.260105
  475     24      1     33      3  -0.058565
  476     24      1     33      5  -0.572654
  477     24      1     33      7  -0.056973
  478     24      1     34      0  -0.142441
  479     24      1     37     32  -0.250776
  480     24      1     37      1  -0.270711
  481     24      1     37      6  -0.265282
  482     24      1     37     10  -0.359207
  483     24      1     37     13  -0.272746
  484     24      1     37     20  5.369211
  485     24      1     37     23  -0.942909
  486     24      1     37     26  -0.270432
  487     24      1     25      0  -0.089454
  488     24      1     26      0  -0.044524
  489     24      1     40      0  -0.014738
  490     25      0     25      0  -0.193801
  491     25      0     28      0  -0.141508
  492     25      0     26      0  -0.411916
  493     26      0     26      0  -1.617280
  494     26      0     28      0  -0.037113
  495     28      0     28      0  -2.234961
  496     28      0     29      0  -0.127657
  497     28      0     29      1  -0.091868
  498     28      0     30      0  -0.017036
  499     28      0     30      1  -0.017692
  500     28      0     30      2  -0.017828
  501     28      0     30     10  -0.018725
  502     28      0     30     11  -0.017497
  503     28      0     30     13  -0.017902
  504     28      0     30     14  -0.017084
  505     28      0     30     16  -0.018529
  506     28      0     31      0  -0.007502
  507     28      0     31      1  -0.007434
  508     28      0     31      3  -0.029932
  509     28      0     31      4  -0.033623
  510     28      0     31      6  -0.007596
  511     28      0     31      7  -0.034931
  512     28      0     32      1  -0.355465
  513     28      0     33      0  -0.302633
  514     28      0     33      2  -0.298835
  515     28      0     33      3  -0.057805
  516     28      0     33      5  -0.404232
  517     28      0     33      7  -0.063059
  518     28      0     34      0  -0.050092
  519     28      0     37     32  -0.017426
  520     28      0     37      1  -0.020438
  521     28      0     37      6  -0.027568
  522     28      0     37     10  -0.049739
  523     28      0     37     13  -0.016339
  524     28      0     37     20  -0.095936
  525     28      0     37     23  -0.103184
  526     28      0     37     26  -0.016410
  527     29      0     29      0  -1.261720
  528     29      0     30      0  -0.095358
  529     29      0     30      1  -0.095011
  530     29      0     30      2  -0.096281
  531     29      0     30     10  -0.094615
  532     29      0     30     11  -0.096436
  533     29      0     30     13  -0.095696
  534     29      0     30     14  -0.333579
  535     29      0     30     16  -0.405189
  536     29      0     31      0  -0.319346
  537     29      0     31      1  -0.331048
  538     29      0     31      3  231.149493
  539     29      0     31      4  691.725824
  540     29      0     31      6  -0.262715
  541     29      0     31      7  212.533202
  542     29      0     32      1  -0.214124
  543     29      0     33      0  -0.041473
  544     29      0     33      2  -0.065789
  545     29      0     33      3  -0.021575
  546     29      0     33      5  -0.075732
  547     29      0     33      7  -0.029122
  548     29      1     29      1  16.261293
  549     29      1     30      0  -0.073306
  550     29      1     30      1  -0.073052
  551     29      1     30      2  -0.073534
  552     29      1     30     10  -0.072321
  553     29      1     30     11  -0.073115
  554     29      1     30     13  -0.072754
  555     29      1     30     14  -0.278118
  556     29      1     30     16  -0.321074
  557     29      1     31      0  -0.149962
  558     29      1     31      1  -0.158396
  559     29      1     31      3  3.861726
  560     29      1     31      4  1.835160
  561     29      1     31      6  -0.105838
  562     29      1     31      7  -0.431116
  563     29      1     32      1  -0.418281
  564     29      1     33      0  -0.026166
  565     29      1     33      2  -0.040288
  566     29      1     33      3  -0.011972
  567     29      1     33      5  -0.045490
  568     29      1     33      7  -0.015131
  569     30      0     30      0  -2.166226
  570     30      0     31      0  -0.723196
  571     30      0     31      1  -0.597812
  572     30      0     31      3  -0.225320
  573     30      0     31      4  -0.217937
  574     30      0     31      6  -0.204248
  575     30      0     31      7  -0.204851
  576     30      0     32      1  -0.027052
  577     30      0     33      0  -0.984276
  578     30      0     33      2  -0.944022
  579     30      0     33      3  -1.066125
  580     30      0     33      5  -0.704487
  581     30      0     33      7  -0.623993
  582     30      0     49      0  -1.551205
  583     30      0     49      2  -1.537515
  584     30      0     37     32  -0.131480
  585     30      0     37      1  -0.666383
  586     30      0     37      6  -0.997615
  587     30      0     37     10  -0.816918
  588     30      0     37     13  -0.329415
  589     30      0     37     20  -0.158023
  590     30      0     37     23  -0.308768
  591     30      0     37     26  -0.140383
  592     30      0     46      2  -1.301801
  593     30      0     46      3  -1.717120
  594     30      0     46      4  -1.068091
  595     30      0     46      5  -0.600196
  596     30      0     46      6  -1.526152
  597     30      0     46      8  1287.154294
  598     30      0     46      9  232712948072.555847
  599     30      0     46     10  277458.358524
  600     30      0     46     31  -1.032003
  601     30      0     46     63  -0.490042
  602     30      0     46     64  -1.419926
  603     30      1     30      1  11.231002
  604     30      1     31      0  -0.646439
  605     30      1     31      1  -0.527941
  606     30      1     31      3  -0.213016
  607     30      1     31      4  -0.205783
  608     30      1     31      6  -0.184043
  609     30      1     31      7  -0.192944
  610     30      1     32      1  -0.026434
  611     30      1     33      0  -0.525884
  612     30      1     33      2  -1.128334
  613     30      1     33      3  -0.787090
  614     30      1     33      5  -0.831954
  615     30      1     33      7  -0.705104
  616     30      1     49      0  -1.442522
  617     30      1     49      2  -1.403931
  618     30      1     37     32  -0.149834
  619     30      1     37      1  -0.744451
  620     30      1     37      6  -0.696662
  621     30      1     37     10  -0.948272
  622     30      1     37     13  -0.363708
  623     30      1     37     20  -0.176839
  624     30      1     37     23  -0.354741
  625     30      1     37     26  -0.161359
  626     30      1     46      2  -1.508866
  627     30      1     46      3  -1.785290
  628     30      1     46      4  -1.177528
  629     30      1     46      5  -0.610026
  630     30      1     46      6  0.692023
  631     30      1     46      8  132.529804
  632     30      1     46      9  10651922550.887356
  633     30      1     46     10  11850.695268
  634     30      1     46     31  -0.984744
  635     30      1     46     63  -0.505030
  636     30      1     46     64  -1.329188
  637     30      2     30      2  11.174428
  638     30      2     31      0  -0.751203
  639     30      2     31      1  -0.628222
  640     30      2     31      3  -0.241267
  641     30      2     31      4  -0.233943
  642     30      2     31      6  -0.227778
  643     30      2     31      7  -0.220975
  644     30      2     32      1  -0.027443
  645     30      2     33      0  -0.940990
  646     30      2     33      2  -0.835317
  647     30      2     33      3  -1.092323
  648     30      2     33      5  -0.657853
  649     30      2     33      7  -0.695354
  650     30      2     49      0  -1.578726
  651     30      2     49      2  -1.568116
  652     30      2     37     32  -0.113559
  653     30      2     37      1  -0.542675
  654     30      2     37      6  -0.906174
  655     30      2     37     10  -0.658568
  656     30      2     37     13  -0.281244
  657     30      2     37     20  -0.139767
  658     30      2     37     23  -0.264801
  659     30      2     37     26  -0.119277
  660     30      2     46      2  -1.284625
  661     30      2     46      3  -1.717040
  662     30      2     46      4  -1.122743
  663     30      2     46      5  -0.663077
  664     30      2     46      6  -1.699491
  665     30      2     46      8  917510.213535
  666     30      2     46      9  3014621760960.498047
  667     30      2     46     10  7021448.699141
  668     30      2     46     31  -1.205323
  669     30      2     46     63  -0.526444
  670     30      2     46     64  -1.339246
  671     30     10     30     10  35.787838
  672     30     10     31      0  -0.565821
  673     30     10     31      1  -0.463913
  674     30     10     31      3  -0.208382
  675     30     10     31      4  -0.201522
  676     30     10     31      6  -0.174614
  677     30     10     31      7  -0.188807
  678     30     10     32      1  -0.027579
  679     30     10     33      0  0.731380
  680     30     10     33      2  -1.269301
  681     30     10     33      3  5.571136
  682     30     10     33      5  -0.985247
  683     30     10     33      7  -0.969013
  684     30     10     49      0  -1.353445
  685     30     10     49      2  -1.305204
  686     30     10     37     32  -0.149494
  687     30     10     37      1  -0.660737
  688     30     10     37      6  -0.965558
  689     30     10     37     10  -0.908918
  690     30     10     37     13  -0.335015
  691     30     10     37     20  -0.175958
  692     30     10     37     23  -0.350377
  693     30     10     37     26  -0.161216
  694     30     10     46      2  -1.765824
  695     30     10     46      3  0.844162
  696     30     10     46      4  -1.340047
  697     30     10     46      5  -0.695140
  698     30     10     46      6  11.747208
  699     30     10     46      8  337.774766
  700     30     10     46      9  13975368224.919682
  701     30     10     46     10  59853.692577
  702     30     10     46     31  -1.094643
  703     30     10     46     63  -0.570213
  704     30     10     46     64  -0.056927
  705     30     11     30     11  42.790858
  706     30     11     31      0  -0.662826
  707     30     11     31      1  -0.548485
  708     30     11     31      3  -0.239747
  709     30     11     31      4  -0.233536
  710     30     11     31      6  -0.221648
  711     30     11     31      7  -0.220099
  712     30     11     32      1  -0.028777
  713     30     11     33      0  -0.972300
  714     30     11     33      2  -0.864465
  715     30     11     33      3  -0.705580
  716     30     11     33      5  -0.714139
  717     30     11     33      7  -0.903662
  718     30     11     49      0  -1.424728
  719     30     11     49      2  -1.412761
  720     30     11     37     32  -0.106262
  721     30     11     37      1  -0.448693
  722     30     11     37      6  -0.748223
  723     30     11     37     10  -0.568273
  724     30     11     37     13  -0.246098
  725     30     11     37     20  -0.131260
  726     30     11     37     23  -0.243974
  727     30     11     37     26  -0.110701
  728     30     11     46      2  -1.480783
  729     30     11     46      3  1.279578
  730     30     11     46      4  -1.329085
  731     30     11     46      5  -0.767923
  732     30     11     46      6  -1.680073
  733     30     11     46      8  159172258.618891
  734     30     11     46      9  13992574497.566545
  735     30     11     46     10  7374834318.820100
  736     30     11     46     31  -1.307892
  737     30     11     46     63  -0.591462
  738     30     11     46     64  -1.231068
  739     30     13     30     13  49.287137
  740     30     13     31      0  -0.553345
  741     30     13     31      1  -0.457066
  742     30     13     31      3  -0.216938
  743     30     13     31      4  -0.210421
  744     30     13     31      6  -0.185360
  745     30     13     31      7  -0.197527
  746     30     13     32      1  -0.028444
  747     30     13     33      0  -1.029956
  748     30     13     33      2  -1.134923
  749     30     13     33      3  8.349761
  750     30     13     33      5  -0.919232
  751     30     13     33      7  -1.026559
  752     30     13     49      0  -1.352247
  753     30     13     49      2  -1.320775
  754     30     13     37     32  -0.123934
  755     30     13     37      1  -0.503191
  756     30     13     37      6  -0.875692
  757     30     13     37     10  -0.695737
  758     30     13     37     13  -0.272101
  759     30     13     37     20  -0.150309
  760     30     13     37     23  -0.286899
  761     30     13     37     26  -0.131273
  762     30     13     46      2  -1.732843
  763     30     13     46      3  53.890067
  764     30     13     46      4  -1.234627
  765     30     13     46      5  -0.769818
  766     30     13     46      6  -0.853577
  767     30     13     46      8  1784339.795071
  768     30     13     46      9  14063663097.332069
  769     30     13     46     10  26309136.685247
  770     30     13     46     31  -1.260920
  771     30     13     46     63  -0.608348
  772     30     13     46     64  -0.350605
  773     30     14     30     14  52.487727
  774     30     14     31      0  116.996097
  775     30     14     31      1  35.573187
  776     30     14     31      3  -1.280397
  777     30     14     31      4  -1.182460
  778     30     14     31      6  -0.996181
  779     30     14     31      7  -1.133376
  780     30     14     32      1  -0.057903
  781     30     14     33      0  -0.283458
  782     30     14     33      2  -0.322960
  783     30     14     33      3  -0.209868
  784     30     14     33      5  -0.315093
  785     30     14     33      7  -0.206540
  786     30     14     49      0  -0.081609
  787     30     14     49      2  -0.084653
  788     30     14     37     32  -0.013749
  789     30     14     37      1  -0.047119
  790     30     14     37      6  -0.094563
  791     30     14     37     10  -0.115665
  792     30     14     37     13  -0.025445
  793     30     14     37     20  -0.020549
  794     30     14     37     23  -0.058760
  795     30     14     37     26  -0.014599
  796     30     14     46      2  -0.104566
  797     30     14     46      3  -0.198535
  798     30     14     46      4  -0.090144
  799     30     14     46      5  -0.057911
  800     30     14     46      6  -0.112330
  801     30     14     46      8  -1.014197
  802     30     14     46      9  -1.110933
  803     30     14     46     10  0.166193
  804     30     14     46     31  -0.142200
  805     30     14     46     63  -0.035422
  806     30     14     46     64  -0.079279
  807     30     16     30     16  90.056482
  808     30     16     31      0  91.100049
  809     30     16     31      1  157.082257
  810     30     16     31      3  -1.368171
  811     30     16     31      4  -1.304278
  812     30     16     31      6  -0.928564
  813     30     16     31      7  -1.253038
  814     30     16     32      1  -0.066295
  815     30     16     33      0  -0.281436
  816     30     16     33      2  -0.323389
  817     30     16     33      3  -0.200023
  818     30     16     33      5  -0.316679
  819     30     16     33      7  -0.196639
  820     30     16     49      0  -0.085734
  821     30     16     49      2  -0.088555
  822     30     16     37     32  -0.012880
  823     30     16     37      1  -0.046373
  824     30     16     37      6  -0.094393
  825     30     16     37     10  -0.115189
  826     30     16     37     13  -0.024514
  827     30     16     37     20  -0.020392
  828     30     16     37     23  -0.057836
  829     30     16     37     26  -0.014912
  830     30     16     46      2  -0.099024
  831     30     16     46      3  -0.179636
  832     30     16     46      4  -0.083834
  833     30     16     46      5  -0.052976
  834     30     16     46      6  -0.108197
  835     30     16     46      8  -1.068716
  836     30     16     46      9  -1.071131
  837     30     16     46     10  -0.986676
  838     30     16     46     31  -0.119566
  839     30     16     46     63  -0.030330
  840     30     16     46     64  -0.074186
  841     31      0     31      0  -0.308408
  842     31      0     32      1  -0.254038
  843     31      0     33      0  -0.043512
  844     31      0     33      2  -0.052909
  845     31      0     33      3  -0.065585
  846     31      0     33      5  -0.056165
  847     31      0     33      7  -0.116143
  848     31      0     46      2  -0.026630
  849     31      0     46      3  -0.081119
  850     31      0     46      4  -0.035123
  851     31      0     46      5  -0.033363
  852     31      0     46      6  -0.017798
  853     31      0     46      8  -0.424759
  854     31      0     46      9  -0.087967
  855     31      0     46     10  -0.323872
  856     31      0     46     31  -0.087236
  857     31      0     46     63  -0.015588
  858     31      0     46     64  -0.012663
  859     31      1     31      1  9.324058
  860     31      1     32      1  -0.255634
  861     31      1     33      0  -0.041886
  862     31      1     33      2  -0.050301
  863     31      1     33      3  -0.062503
  864     31      1     33      5  -0.053339
  865     31      1     33      7  -0.111451
  866     31      1     46      2  -0.025453
  867     31      1     46      3  -0.078009
  868     31      1     46      4  -0.034313
  869     31      1     46      5  -0.033409
  870     31      1     46      6  -0.016700
  871     31      1     46      8  -0.397578
  872     31      1     46      9  -0.078714
  873     31      1     46     10  -0.288478
  874     31      1     46     31  -0.090957
  875     31      1     46     63  -0.015813
  876     31      1     46     64  -0.012562
  877     31      3     31      3  20.447238
  878     31      3     32      1  -1.471302
  879     31      3     33      0  -0.049445
  880     31      3     33      2  -0.065981
  881     31      3     33      3  -0.055133
  882     31      3     33      5  -0.074391
  883     31      3     33      7  -0.099819
  884     31      3     46      2  -0.013837
  885     31      3     46      3  -0.045940
  886     31      3     46      4  -0.019200
  887     31      3     46      5  -0.012260
  888     31      3     46      6  -0.005488
  889     31      3     46      8  -0.097811
  890     31      3     46      9  -0.029379
  891     31      3     46     10  -0.091843
  892     31      3     46     31  -0.029820
  893     31      3     46     63  -0.004166
  894     31      3     46     64  -0.002974
  895     31      4     31      4  21.143686
  896     31      4     32      1  -1.527259
  897     31      4     33      0  -0.052892
  898     31      4     33      2  -0.071014
  899     31      4     33      3  -0.057675
  900     31      4     33      5  -0.081382
  901     31      4     33      7  -0.104681
  902     31      4     46      2  -0.014294
  903     31      4     46      3  -0.046999
  904     31      4     46      4  -0.019644
  905     31      4     46      5  -0.012962
  906     31      4     46      6  -0.005488
  907     31      4     46      8  -0.097880
  908     31      4     46      9  -0.029323
  909     31      4     46     10  -0.091982
  910     31      4     46     31  -0.030547
  911     31      4     46     63  -0.004183
  912     31      4     46     64  -0.003617
  913     31      6     31      6  25.689535
  914     31      6     32      1  -0.463964
  915     31      6     33      0  -0.038022
  916     31      6     33      2  -0.044690
  917     31      6     33      3  -0.064920
  918     31      6     33      5  -0.048591
  919     31      6     33      7  -0.127644
  920     31      6     46      2  -0.024288
  921     31      6     46      3  -0.081792
  922     31      6     46      4  -0.039652
  923     31      6     46      5  -0.047352
  924     31      6     46      6  -0.012622
  925     31      6     46      8  -0.214833
  926     31      6     46      9  -0.044145
  927     31      6     46     10  -0.165873
  928     31      6     46     31  -0.105308
  929     31      6     46     63  -0.019146
  930     31      6     46     64  -0.009175
  931     31      7     31      7  25.084170
  932     31      7     32      1  -0.646008
  933     31      7     33      0  -0.053218
  934     31      7     33      2  -0.070904
  935     31      7     33      3  -0.058730
  936     31      7     33      5  -0.080807
  937     31      7     33      7  -0.107409
  938     31      7     46      2  -0.014374
  939     31      7     46      3  -0.047447
  940     31      7     46      4  -0.019900
  941     31      7     46      5  -0.013102
  942     31      7     46      6  -0.005468
  943     31      7     46      8  -0.096937
  944     31      7     46      9  -0.028713
  945     31      7     46     10  -0.090745
  946     31      7     46     31  -0.030558
  947     31      7     46     63  -0.004172
  948     31      7     46     64  -0.003597
  949     32      1     32      1  1.444462
  950     32      1     33      0  -0.084974
  951     32      1     33      2  -0.109565
  952     32      1     33      3  -0.065246
  953     32      1     33      5  -0.130368
  954     32      1     33      7  -0.097846
  955     32      1     34      0  -0.023089
  956     32      1     37     32  -0.001930
  957     32      1     37      1  -0.000904
  958     32      1     37      6  -0.003491
  959     32      1     37     10  -0.008181
  960     32      1     37     13  -0.000959
  961     32      1     37     20  -0.006404
  962     32      1     37     23  -0.013050
  963     32      1     37     26  -0.001771
  964     33      0     33      0  -3.062168
  965     33      0     34      0  -0.526970
  966     33      0     36      0  -0.012173
  967     33      0     49      0  -0.077052
  968     33      0     49      2  -0.074709
  969     33      0     37     32  -1.647500
  970     33      0     37      1  -2.251724
  971     33      0     37      6  107.460917
  972     33      0     37     10  3016899.326739
  973     33      0     37     13  -1.725760
  974     33      0     37     20  5.824817
  975     33      0     37     23  391879.062300
  976     33      0     37     26  -1.294077
  977     33      0     38      0  -0.006672
  978     33      0     46      2  26.821143
  979     33      0     46      3  0.441210
  980     33      0     46      4  -0.928955
  981     33      0     46      5  -0.110278
  982     33      0     46      6  0.576691
  983     33      0     46      8  -0.478986
  984     33      0     46      9  -0.617544
  985     33      0     46     10  -0.660185
  986     33      0     46     31  -0.141194
  987     33      0     46     63  -0.075791
  988     33      0     46     64  -0.574235
  989     33      2     33      2  33.600991
  990     33      2     34      0  -0.468358
  991     33      2     36      0  -0.013124
  992     33      2     49      0  -0.074890
  993     33      2     49      2  -0.072510
  994     33      2     37     32  5.858632
  995     33      2     37      1  -1.864330
  996     33      2     37      6  433.732741
  997     33      2     37     10  848104351571.532593
  998     33      2     37     13  -2.010582
  999     33      2     37     20  -2.417313
 1000     33      2     37     23  3717.750924
 1001     33      2     37     26  10.263968
 1002     33      2     38      0  -0.008026
 1003     33      2     46      2  581.669326
 1004     33      2     46      3  0.016202
 1005     33      2     46      4  -0.904419
 1006     33      2     46      5  -0.105971
 1007     33      2     46      6  2.893218
 1008     33      2     46      8  -0.410626
 1009     33      2     46      9  -0.481532
 1010     33      2     46     10  -0.544814
 1011     33      2     46     31  -0.133739
 1012     33      2     46     63  -0.073496
 1013     33      2     46     64  -0.588817
 1014     33      3     33      3  45.642389
 1015     33      3     34      0  -0.522192
 1016     33      3     36      0  -0.037834
 1017     33      3     49      0  -0.092744
 1018     33      3     49      2  -0.082715
 1019     33      3     37     32  -1.354832
 1020     33      3     37      1  -1.858496
 1021     33      3     37      6  1.056347
 1022     33      3     37     10  4.235220
 1023     33      3     37     13  -1.433535
 1024     33      3     37     20  -1.611287
 1025     33      3     37     23  9.933519
 1026     33      3     37     26  -1.384897
 1027     33      3     38      0  -0.016638
 1028     33      3     46      2  53913.857047
 1029     33      3     46      3  1587172.080397
 1030     33      3     46      4  5648850.600265
 1031     33      3     46      5  -0.873004
 1032     33      3     46      6  4.477591
 1033     33      3     46      8  61.083354
 1034     33      3     46      9  -1.186675
 1035     33      3     46     10  163.762258
 1036     33      3     46     31  -1.090052
 1037     33      3     46     63  -0.503411
 1038     33      3     46     64  0.241770
 1039     33      5     33      5  63.088254
 1040     33      5     34      0  -0.642238
 1041     33      5     36      0  -0.013705
 1042     33      5     49      0  -0.040733
 1043     33      5     49      2  -0.039610
 1044     33      5     37     32  -1.284482
 1045     33      5     37      1  -1.708640
 1046     33      5     37      6  -2.351095
 1047     33      5     37     10  263.128277
 1048     33      5     37     13  -1.418975
 1049     33      5     37     20  56.398072
 1050     33      5     37     23  119363.375916
 1051     33      5     37     26  -1.494766
 1052     33      5     38      0  -0.004970
 1053     33      5     46      2  1.346081
 1054     33      5     46      3  0.665727
 1055     33      5     46      4  -0.735756
 1056     33      5     46      5  -0.086295
 1057     33      5     46      6  -0.777903
 1058     33      5     46      8  -0.328087
 1059     33      5     46      9  -0.290136
 1060     33      5     46     10  -0.427816
 1061     33      5     46     31  -0.110049
 1062     33      5     46     63  -0.054413
 1063     33      5     46     64  -0.300356
 1064     33      7     33      7  167.654399
 1065     33      7     34      0  -0.613795
 1066     33      7     36      0  -0.039998
 1067     33      7     49      0  -0.045395
 1068     33      7     49      2  -0.042822
 1069     33      7     37     32  -1.092459
 1070     33      7     37      1  -1.295181
 1071     33      7     37      6  -1.763700
 1072     33      7     37     10  3.030933
 1073     33      7     37     13  -1.063494
 1074     33      7     37     20  -1.365797
 1075     33      7     37     23  18.838865
 1076     33      7     37     26  -1.085883
 1077     33      7     38      0  -0.011493
 1078     33      7     46      2  147.082911
 1079     33      7     46      3  170309.571870
 1080     33      7     46      4  3312.387159
 1081     33      7     46      5  -0.648746
 1082     33      7     46      6  -1.255916
 1083     33      7     46      8  -0.904664
 1084     33      7     46      9  -0.665821
 1085     33      7     46     10  -1.336486
 1086     33      7     46     31  -0.828148
 1087     33      7     46     63  -0.305576
 1088     33      7     46     64  -0.827943
 1089     34      0     34      0  -1.186475
 1090     34      0     36      0  -0.438085
 1091     34      0     37     32  -0.528829
 1092     34      0     37      1  -0.554186
 1093     34      0     37      6  -0.538931
 1094     34      0     37     10  -0.592022
 1095     34      0     37     13  -0.537020
 1096     34      0     37     20  -0.983537
 1097     34      0     37     23  -0.796201
 1098     34      0     37     26  -0.529834
 1099     34      0     38      0  -0.004065
 1100     34      0     46      2  -0.131433
 1101     34      0     46      3  -0.075821
 1102     34      0     46      4  -0.100254
 1103     34      0     46      5  -0.016590
 1104     34      0     46      6  -0.040569
 1105     34      0     46      8  -0.014722
 1106     34      0     46      9  -0.009085
 1107     34      0     46     10  -0.016107
 1108     34      0     46     31  -0.012593
 1109     34      0     46     63  -0.007060
 1110     34      0     46     64  -0.027389
 1111     36      0     36      0  -0.676837
 1112     36      0     37     32  -0.206092
 1113     36      0     37      1  -0.186122
 1114     36      0     37      6  -0.178188
 1115     36      0     37     10  -0.176389
 1116     36      0     37     13  -0.177972
 1117     36      0     37     20  -0.182699
 1118     36      0     37     23  -0.176410
 1119     36      0     37     26  -0.218312
 1120     36      0     38      0  -0.053773
 1121     36      0     45      0  -0.000830
 1122     36      0     46      2  -0.039850
 1123     36      0     46      3  -0.023973
 1124     36      0     46      4  -0.043246
 1125     36      0     46      5  -0.015099
 1126     36      0     46      6  -0.015940
 1127     36      0     46      8  -0.002856
 1128     36      0     46      9  -0.002015
 1129     36      0     46     10  -0.002842
 1130     36      0     46     31  -0.008225
 1131     36      0     46     63  -0.012935
 1132     36      0     46     64  -0.018180
 1133     37     32     37     32  125.726003
 1134     37     32     38      0  -0.887105
 1135     37     32     45      0  -0.006591
 1136     37     32     46      2  3.905905
 1137     37     32     46      3  -0.661473
 1138     37     32     46      4  -0.702702
 1139     37     32     46      5  -0.100540
 1140     37     32     46      6  -1.158984
 1141     37     32     46      8  -0.144299
 1142     37     32     46      9  -0.202708
 1143     37     32     46     10  -0.158414
 1144     37     32     46     31  -0.102563
 1145     37     32     46     63  -0.096693
 1146     37     32     46     64  -1.713034
 1147     37     32     39      0  -0.200930
 1148     37     32     40      0  3.485796
 1149     37      1     37      1  9.153394
 1150     37      1     38      0  -0.342321
 1151     37      1     45      0  -0.015220
 1152     37      1     46      2  741.289695
 1153     37      1     46      3  -1.514212
 1154     37      1     46      4  -1.487484
 1155     37      1     46      5  -0.296427
 1156     37      1     46      6  13444630.534934
 1157     37      1     46      8  -0.519963
 1158     37      1     46      9  -1.114222
 1159     37      1     46     10  -0.577673
 1160     37      1     46     31  -0.310455
 1161     37      1     46     63  -0.294148
 1162     37      1     46     64  18342956.254559
 1163     37      1     39      0  -0.215740
 1164     37      1     40      0  -0.877013
 1165     37      6     37      6  16.481154
 1166     37      6     38      0  -0.285144
 1167     37      6     45      0  -0.005318
 1168     37      6     46      2  3921359835.397617
 1169     37      6     46      3  -1.757875
 1170     37      6     46      4  -1.538702
 1171     37      6     46      5  -0.243866
 1172     37      6     46      6  52268204.006796
 1173     37      6     46      8  -0.547563
 1174     37      6     46      9  -1.287327
 1175     37      6     46     10  -0.664619
 1176     37      6     46     31  -0.263677
 1177     37      6     46     63  -0.228254
 1178     37      6     46     64  84.862712
 1179     37      6     39      0  -0.117068
 1180     37      6     40      0  -0.748507
 1181     37     10     37     10  28.222944
 1182     37     10     38      0  -0.293001
 1183     37     10     45      0  -0.003504
 1184     37     10     46      2  3734.428370
 1185     37     10     46      3  -1.329048
 1186     37     10     46      4  -1.203393
 1187     37     10     46      5  -0.162953
 1188     37     10     46      6  130.968284
 1189     37     10     46      8  -0.355176
 1190     37     10     46      9  -0.701950
 1191     37     10     46     10  -0.442448
 1192     37     10     46     31  -0.177169
 1193     37     10     46     63  -0.145703
 1194     37     10     46     64  -2.567859
 1195     37     10     39      0  -0.085870
 1196     37     10     40      0  -0.674909
 1197     37     13     37     13  32.046086
 1198     37     13     38      0  -0.542999
 1199     37     13     45      0  -0.025350
 1200     37     13     46      2  6.459243
 1201     37     13     46      3  -1.373129
 1202     37     13     46      4  -1.410964
 1203     37     13     46      5  -0.253085
 1204     37     13     46      6  5916.119262
 1205     37     13     46      8  -0.368821
 1206     37     13     46      9  -0.646979
 1207     37     13     46     10  -0.397456
 1208     37     13     46     31  -0.259667
 1209     37     13     46     63  -0.255996
 1210     37     13     46     64  199033.140303
 1211     37     13     39      0  -0.461941
 1212     37     13     40      0  -0.088549
 1213     37     20     37     20  47.858957
 1214     37     20     38      0  -0.329943
 1215     37     20     45      0  -0.005052
 1216     37     20     46      2  0.458985
 1217     37     20     46      3  -0.671949
 1218     37     20     46      4  -0.708255
 1219     37     20     46      5  -0.100196
 1220     37     20     46      6  -1.703117
 1221     37     20     46      8  -0.149102
 1222     37     20     46      9  -0.207482
 1223     37     20     46     10  -0.166349
 1224     37     20     46     31  -0.101411
 1225     37     20     46     63  -0.092451
 1226     37     20     46     64  -1.643308
 1227     37     20     39      0  -0.079184
 1228     37     20     40      0  -0.666442
 1229     37     23     37     23  53.767981
 1230     37     23     38      0  -0.332583
 1231     37     23     45      0  -0.003156
 1232     37     23     46      2  4.213564
 1233     37     23     46      3  -0.831316
 1234     37     23     46      4  -0.818803
 1235     37     23     46      5  -0.116728
 1236     37     23     46      6  -2.287627
 1237     37     23     46      8  -0.199289
 1238     37     23     46      9  -0.298171
 1239     37     23     46     10  -0.230477
 1240     37     23     46     31  -0.122556
 1241     37     23     46     63  -0.103979
 1242     37     23     46     64  -1.752495
 1243     37     23     39      0  -0.077418
 1244     37     23     40      0  -0.657315
 1245     37     26     37     26  56.761184
 1246     37     26     38      0  -0.602853
 1247     37     26     45      0  -0.003438
 1248     37     26     46      2  33.402400
 1249     37     26     46      3  -0.687620
 1250     37     26     46      4  -0.725224
 1251     37     26     46      5  -0.099252
 1252     37     26     46      6  8.177839
 1253     37     26     46      8  -0.144692
 1254     37     26     46      9  -0.209440
 1255     37     26     46     10  -0.161111
 1256     37     26     46     31  -0.101718
 1257     37     26     46     63  -0.092578
 1258     37     26     46     64  -1.629115
 1259     37     26     39      0  -0.108322
 1260     37     26     40      0  -1.265012
 1261     38      0     38      0  -1.136493
 1262     38      0     49      0  -0.055342
 1263     38      0     49      2  -0.054269
 1264     38      0     45      0  -0.095765
 1265     38      0     46      2  -0.092321
 1266     38      0     46      3  -0.063365
 1267     38      0     46      4  -0.071106
 1268     38      0     46      5  -0.030941
 1269     38      0     46      6  -0.113992
 1270     38      0     46      8  -0.021623
 1271     38      0     46      9  -0.026095
 1272     38      0     46     10  -0.021602
 1273     38      0     46     31  -0.027658
 1274     38      0     46     63  -0.041545
 1275     38      0     46     64  -0.232275
 1276     38      0     48      0  -0.004427
 1277     38      0     39      0  -0.104866
 1278     38      0     40      0  -0.049281
 1279     38      0     41      0  -0.003012
 1280     38      0     42      1  -0.021542
 1281     39      0     39      0  -2.264344
 1282     39      0     49      0  -0.752120
 1283     39      0     49      2  -0.743540
 1284     39      0     45      0  -0.020989
 1285     39      0     46      2  -0.022378
 1286     39      0     46      3  -0.014021
 1287     39      0     46      4  -0.013958
 1288     39      0     46      5  -0.005602
 1289     39      0     46      6  -0.065381
 1290     39      0     46      8  -0.007190
 1291     39      0     46      9  -0.020334
 1292     39      0     46     10  -0.007215
 1293     39      0     46     31  -0.005553
 1294     39      0     46     63  -0.005921
 1295     39      0     46     64  -0.140216
 1296     39      0     48      0  -0.014056
 1297     39      0     40      0  -0.443032
 1298     39      0     41      0  -0.395038
 1299     39      0     42      1  -0.456164
 1300     40      0     40      0  -0.777442
 1301     40      0     41      0  -0.273835
 1302     40      0     42      1  -0.023042
 1303     41      0     41      0  -0.531523
 1304     41      0     42      1  -0.218890
 1305     42      1     42      1  5.687079
 1306     42      1     48      0  -0.028742
 1307     45      0     45      0  -1.128061
 1308     45      0     49      0  -0.074589
 1309     45      0     49      2  -0.083589
 1310     45      0     46      2  -0.080702
 1311     45      0     46      3  -0.077726
 1312     45      0     46      4  -0.082304
 1313     45      0     46      5  -0.111201
 1314     45      0     46      6  -0.089074
 1315     45      0     46      8  -0.060926
 1316     45      0     46      9  -0.065169
 1317     45      0     46     10  -0.060821
 1318     45      0     46     31  -0.104529
 1319     45      0     46     63  -0.203963
 1320     45      0     46     64  -0.121279
 1321     45      0     47      0  -0.532607
 1322     45      0     48      0  -1.296697
 1323     46      2     46      2  11.420830
 1324     46      2     49      0  -0.787693
 1325     46      2     49      2  -0.629302
 1326     46      2     47      0  -0.063192
 1327     46      2     48      0  -0.017685
 1328     46      3     46      3  12.588198
 1329     46      3     49      0  -0.716749
 1330     46      3     49      2  -0.571660
 1331     46      3     47      0  -0.065722
 1332     46      3     48      0  -0.017692
 1333     46      4     46      4  14.571534
 1334     46      4     49      0  -0.685023
 1335     46      4     49      2  -0.543008
 1336     46      4     47      0  -0.068683
 1337     46      4     48      0  -0.017733
 1338     46      5     46      5  16.638902
 1339     46      5     49      0  -0.387615
 1340     46      5     49      2  -0.320917
 1341     46      5     47      0  -0.192985
 1342     46      5     48      0  -0.024548
 1343     46      6     46      6  14.783916
 1344     46      6     49      0  -1.583754
 1345     46      6     49      2  -1.779369
 1346     46      6     47      0  -0.063289
 1347     46      6     48      0  -0.022398
 1348     46      8     46      8  18.297524
 1349     46      8     49      0  -0.836164
 1350     46      8     49      2  -0.699465
 1351     46      8     47      0  -0.083311
 1352     46      8     48      0  -0.021032
 1353     46      9     46      9  18.549957
 1354     46      9     49      0  -1.627469
 1355     46      9     49      2  -2.308100
 1356     46      9     47      0  -0.079996
 1357     46      9     48      0  -0.027254
 1358     46     10     46     10  18.324656
 1359     46     10     49      0  -0.901636
 1360     46     10     49      2  -0.761160
 1361     46     10     47      0  -0.080545
 1362     46     10     48      0  -0.020119
 1363     46     31     46     31  46.687374
 1364     46     31     49      0  -0.422645
 1365     46     31     49      2  -0.352375
 1366     46     31     47      0  -0.197256
 1367     46     31     48      0  -0.025866
 1368     46     63     46     63  80.300280
 1369     46     63     49      0  -0.397601
 1370     46     63     49      2  -0.330529
 1371     46     63     47      0  -0.466917
 1372     46     63     48      0  -0.036998
 1373     46     64     46     64  79.581239
 1374     46     64     49      0  30.585010
 1375     46     64     49      2  2.145413
 1376     46     64     47      0  -0.069566
 1377     46     64     48      0  -0.033262
 1378     47      0     47      0  -0.406459
 1379     47      0     49      0  -0.033174
 1380     47      0     49      2  -0.034657
 1381     47      0     50      0  -0.005468
 1382     47      0     48      0  -0.484620
 1383     48      0     48      0  -1.777166
 1384     48      0     49      0  -0.130503
 1385     48      0     49      2  -0.150703
 1386     48      0     50      0  -0.036481
 1387     49      0     49      0  -7.051162
 1388     49      0     50      0  -0.095811
 1389     49      2     49      2  4.140060
 1390     49      2     50      0  -0.096236
 1391     50      0     50      0  -0.872901
 1392      2      1      2      1  4.151186
 1393      2      1     15      0  -0.083154
 1394      2      1     29      0  -0.021022
 1395      2      1     29      1  -0.030002
 1396      2      1     30      0  -0.040343
 1397      2      1     30      1  -0.042067
 1398      2      1     30      2  -0.038833
 1399      2      1     30     10  -0.042470
 1400      2      1     30     11  -0.039272
 1401      2      1     30     13  -0.041335
 1402      2      1     30     14  -0.357703
 1403      2      1     30     16  -0.283552
 1404      2      1     31      0  -0.048648
 1405      2      1     31      1  -0.052468
 1406      2      1     31      3  -0.027280
 1407      2      1     31      4  -0.025758
 1408      2      1     31      6  -0.008569
 1409      2      1     31      7  -0.025054
 1410      2      1      3      0  -0.068018
 1411      2      1      3      5  -0.091086
 1412      2      1      3      6  -0.071626
 1413      2      1      3     17  -0.110865
 1414      2      1      4      0  -0.892098
 1415      2      1     13      0  -0.010235
 1416      2      1     13      2  -0.009334
 1417      2      1     13      3  -0.010325
 1418      2      1     14      0  -0.004252
 1419      2      1     14      1  -0.003050
 1420      2      1     14      3  -0.003066
 1421      2      1     14      4  -0.003034
 1422      2      1     14      8  -0.002759
 1423      2      1     14      9  -0.002822
 1424      2      1     14     10  -0.002428
 1425      3      0      3      0  -2.017219
 1426      3      0     15      0  -0.391268
 1427      3      0     30      0  -0.017413
 1428      3      0     30      1  -0.016618
 1429      3      0     30      2  -0.017627
 1430      3      0     30     10  -0.015254
 1431      3      0     30     11  -0.019002
 1432      3      0     30     13  -0.017446
 1433      3      0     30     14  -0.018856
 1434      3      0     30     16  -0.017661
 1435      3      0      4      0  -0.136986
 1436      3      0      5      0  -0.059715
 1437      3      0     13      0  -0.092352
 1438      3      0     13      2  -0.087975
 1439      3      0     13      3  -0.102806
 1440      3      0     49      0  -0.003980
 1441      3      0     49      2  -0.005106
 1442      3      0     17      0  -0.066398
 1443      3      0     17      2  -0.038270
 1444      3      0     17      3  -0.070902
 1445      3      0     12      0  6190.318204
 1446      3      0     12      1  7824.061920
 1447      3      0     12      2  77.697397
 1448      3      0     12      3  -0.505658
 1449      3      0     14      0  -1.550311
 1450      3      0     14      1  -1.332117
 1451      3      0     14      3  0.293136
 1452      3      0     14      4  12.661419
 1453      3      0     14      8  26.606654
 1454      3      0     14      9  -2.030524
 1455      3      0     14     10  9.468707
 1456      3      5      3      5  18.380907
 1457      3      5     15      0  -0.137975
 1458      3      5     30      0  -0.028132
 1459      3      5     30      1  -0.026713
 1460      3      5     30      2  -0.028671
 1461      3      5     30     10  -0.024392
 1462      3      5     30     11  -0.028688
 1463      3      5     30     13  -0.027685
 1464      3      5     30     14  -0.031793
 1465      3      5     30     16  -0.028504
 1466      3      5      4      0  -0.172224
 1467      3      5      5      0  -0.055366
 1468      3      5     13      0  -0.196534
 1469      3      5     13      2  -0.185157
 1470      3      5     13      3  -0.229021
 1471      3      5     49      0  -0.004866
 1472      3      5     49      2  -0.006748
 1473      3      5     17      0  -0.097116
 1474      3      5     17      2  -0.069537
 1475      3      5     17      3  -0.099242
 1476      3      5     12      0  -0.189138
 1477      3      5     12      1  -1.245974
 1478      3      5     12      2  -1.025737
 1479      3      5     12      3  -0.285994
 1480      3      5     14      0  389.344562
 1481      3      5     14      1  103.407123
 1482      3      5     14      3  44.867120
 1483      3      5     14      4  63.794998
 1484      3      5     14      8  44.452844
 1485      3      5     14      9  8.253305
 1486      3      5     14     10  9.618432
 1487      3      6      3      6  15.498047
 1488      3      6     15      0  -0.336882
 1489      3      6     30      0  -0.017312
 1490      3      6     30      1  -0.016517
 1491      3      6     30      2  -0.018163
 1492      3      6     30     10  -0.015830
 1493      3      6     30     11  -0.018968
 1494      3      6     30     13  -0.017457
 1495      3      6     30     14  -0.018665
 1496      3      6     30     16  -0.017532
 1497      3      6      4      0  -0.143051
 1498      3      6      5      0  -0.076668
 1499      3      6     13      0  -0.083563
 1500      3      6     13      2  -0.079927
 1501      3      6     13      3  -0.093927
 1502      3      6     49      0  -0.004057
 1503      3      6     49      2  -0.005243
 1504      3      6     17      0  -0.030446
 1505      3      6     17      2  -0.014935
 1506      3      6     17      3  -0.030199
 1507      3      6     12      0  80031.362437
 1508      3      6     12      1  15804.863409
 1509      3      6     12      2  409.703923
 1510      3      6     12      3  -0.667334
 1511      3      6     14      0  -0.700844
 1512      3      6     14      1  -0.703232
 1513      3      6     14      3  0.972472
 1514      3      6     14      4  7.595458
 1515      3      6     14      8  3.671508
 1516      3      6     14      9  -1.209152
 1517      3      6     14     10  -0.866647
 1518      3     17      3     17  33.630087
 1519      3     17     15      0  -0.907096
 1520      3     17     30      0  -0.022570
 1521      3     17     30      1  -0.020757
 1522      3     17     30      2  -0.022334
 1523      3     17     30     10  -0.020635
 1524      3     17     30     11  -0.023139
 1525      3     17     30     13  -0.021985
 1526      3     17     30     14  -0.026065
 1527      3     17     30     16  -0.022922
 1528      3     17      4      0  -0.162178
 1529      3     17      5      0  -0.053763
 1530      3     17     13      0  -0.122972
 1531      3     17     13      2  -0.116264
 1532      3     17     13      3  -0.137287
 1533      3     17     49      0  -0.004776
 1534      3     17     49      2  -0.005965
 1535      3     17     17      0  -0.051444
 1536      3     17     17      2  -0.037798
 1537      3     17     17      3  -0.052722
 1538      3     17     12      0  7.091433
 1539      3     17     12      1  3.763175
 1540      3     17     12      2  0.213823
 1541      3     17     12      3  -0.264619
 1542      3     17     14      0  -0.210591
 1543      3     17     14      1  -1.506317
 1544      3     17     14      3  1.596789
 1545      3     17     14      4  2.677953
 1546      3     17     14      8  -0.697817
 1547      3     17     14      9  -1.061548
 1548      3     17     14     10  -1.467435
 1549      4      0      4      0  -4.626289
 1550      4      0     15      0  -0.160099
 1551      4      0     29      0  -0.052082
 1552      4      0     29      1  -0.050275
 1553      4      0     30      0  -0.958232
 1554      4      0     30      1  -0.785425
 1555      4      0     30      2  -0.601827
 1556      4      0     30     10  3.785737
 1557      4      0     30     11  5.801800
 1558      4      0     30     13  55.545389
 1559      4      0     30     14  589.932282
 1560      4      0     30     16  526.461460
 1561      4      0     31      0  -0.593024
 1562      4      0     31      1  -0.564915
 1563      4      0     31      3  -0.129937
 1564      4      0     31      4  -0.122284
 1565      4      0     31      6  -0.100921
 1566      4      0     31      7  -0.118476
 1567      4      0     33      0  -0.059694
 1568      4      0     33      2  -0.061446
 1569      4      0     33      3  -0.042633
 1570      4      0     33      5  -0.049573
 1571      4      0     33      7  -0.033135
 1572      4      0      5      0  -0.086369
 1573      4      0      6      0  -0.008291
 1574      4      0     13      0  -0.480144
 1575      4      0     13      2  -0.489598
 1576      4      0     13      3  -0.441673
 1577      4      0     49      0  -0.568550
 1578      4      0     49      2  -0.622093
 1579      4      0     50      0  -0.079422
 1580      4      0     46      2  -0.047092
 1581      4      0     46      3  -0.062982
 1582      4      0     46      4  -0.033686
 1583      4      0     46      5  -0.020438
 1584      4      0     46      6  -0.078927
 1585      4      0     46      8  -0.293864
 1586      4      0     46      9  -0.967737
 1587      4      0     46     10  -0.410490
 1588      4      0     46     31  -0.049184
 1589      4      0     46     63  -0.014953
 1590      4      0     46     64  -0.060245
 1591      4      0      7      0  -0.006221
 1592      4      0     11      0  -0.012794
 1593      4      0     12      0  -0.053993
 1594      4      0     12      1  -0.052481
 1595      4      0     12      2  -0.055187
 1596      4      0     12      3  -0.024189
 1597      4      0     14      0  -0.011152
 1598      4      0     14      1  -0.009960
 1599      4      0     14      3  -0.020939
 1600      4      0     14      4  -0.018418
 1601      4      0     14      8  -0.017083
 1602      4      0     14      9  -0.020091
 1603      4      0     14     10  -0.017158
 1604      4      0     39      0  -0.002250
 1605      5      0      5      0  -0.944439
 1606      5      0      6      0  -0.122158
 1607      5      0     13      0  -0.016710
 1608      5      0     13      2  -0.016597
 1609      5      0     13      3  -0.016042
 1610      5      0     49      0  -0.133637
 1611      5      0     49      2  -0.120014
 1612      5      0     50      0  -0.066761
 1613      5      0      7      0  -0.076273
 1614      5      0      8      0  -0.004569
 1615      5      0     48      0  -0.001823
 1616      5      0     11      0  -0.068089
 1617      5      0     12      0  -0.481098
 1618      5      0     12      1  -0.499779
 1619      5      0     12      2  -0.486562
 1620      5      0     12      3  -0.838644
 1621      5      0     39      0  -0.010091
 1622      5      0      9      1  -0.019033
 1623      6      0      6      0  -3.095399
 1624      6      0     13      0  -0.008623
 1625      6      0     13      2  -0.009040
 1626      6      0     13      3  -0.008588
 1627      6      0     49      0  -0.768467
 1628      6      0     49      2  -0.973627
 1629      6      0     50      0  -0.008791
 1630      6      0     38      0  -0.008442
 1631      6      0     45      0  -0.021793
 1632      6      0     46      2  -0.007803
 1633      6      0     46      3  -0.006818
 1634      6      0     46      4  -0.006756
 1635      6      0     46      5  -0.003377
 1636      6      0     46      6  -0.025842
 1637      6      0     46      8  -0.006314
 1638      6      0     46      9  -0.021767
 1639      6      0     46     10  -0.007154
 1640      6      0     46     31  -0.003369
 1641      6      0     46     63  -0.003435
 1642      6      0     46     64  -0.042651
 1643      6      0      7      0  -0.111500
 1644      6      0      8      0  -0.498202
 1645      6      0     48      0  -0.077147
 1646      6      0     11      0  -0.340320
 1647      6      0     12      0  -0.010350
 1648      6      0     12      1  -0.010439
 1649      6      0     12      2  -0.009739
 1650      6      0     12      3  -0.016877
 1651      6      0     39      0  -0.498476
 1652      6      0     40      0  -0.024377
 1653      6      0     41      0  -0.046311
 1654      6      0      9      1  -0.501040
 1655      6      0     42      1  0.046792
 1656      7      0      7      0  0.184454
 1657      7      0     49      0  -0.099202
 1658      7      0     49      2  -0.097824
 1659      7      0     50      0  -0.917413
 1660      7      0     47      0  -0.008196
 1661      7      0      8      0  -0.172049
 1662      7      0     48      0  -0.486631
 1663      7      0     11      0  -0.000929
 1664      7      0     39      0  -0.006887
 1665      7      0      9      1  -0.012031
 1666      8      0      8      0  -0.955927
 1667      8      0     49      0  -0.038081
 1668      8      0     49      2  -0.039617
 1669      8      0     45      0  -0.064129
 1670      8      0     48      0  -0.375613
 1671      8      0     11      0  -0.006918
 1672      8      0     39      0  -0.059275
 1673      8      0     41      0  -0.010223
 1674      8      0      9      1  -0.271034
 1675      8      0     42      1  -0.751586
 1676      9      1      9      1  4.614714
 1677      9      1     48      0  -0.005390
 1678      9      1     11      0  -0.402722
 1679      9      1     39      0  -0.032965
 1680      9      1     40      0  -0.024720
 1681      9      1     41      0  -0.704249
 1682      9      1     42      1  -0.695408
 1683     11      0     11      0  -2.887601
 1684     11      0     13      0  -0.537481
 1685     11      0     13      2  -0.541149
 1686     11      0     13      3  -0.486203
 1687     11      0     49      0  -0.368481
 1688     11      0     49      2  -0.368089
 1689     11      0     12      0  -0.272217
 1690     11      0     12      1  -0.271582
 1691     11      0     12      2  -0.274363
 1692     11      0     12      3  -0.287026
 1693     11      0     14      0  -0.057390
 1694     11      0     14      1  -0.057636
 1695     11      0     14      3  -0.132446
 1696     11      0     14      4  -0.146501
 1697     11      0     14      8  -0.164208
 1698     11      0     14      9  -0.132074
 1699     11      0     14     10  -0.169696
 1700     11      0     39      0  -0.743484
 1701     11      0     40      0  -1.490885
 1702     11      0     41      0  -1.100152
 1703     11      0     42      1  -0.056349
 1704     12      0     12      0  -1.935711
 1705     12      0     13      0  -0.115958
 1706     12      0     13      2  -0.116371
 1707     12      0     13      3  -0.119382
 1708     12      0     49      0  -0.027044
 1709     12      0     49      2  -0.028641
 1710     12      0     17      0  -0.044702
 1711     12      0     17      2  -0.014334
 1712     12      0     17      3  -0.044719
 1713     12      0     14      0  -0.366939
 1714     12      0     14      1  -0.379867
 1715     12      0     14      3  4.429791
 1716     12      0     14      4  2.275331
 1717     12      0     14      8  -1.023101
 1718     12      0     14      9  5.747288
 1719     12      0     14     10  -1.524582
 1720     12      0     41      0  -0.003046
 1721     12      1     12      1  2.707342
 1722     12      1     13      0  -0.116847
 1723     12      1     13      2  -0.117303
 1724     12      1     13      3  -0.119781
 1725     12      1     49      0  -0.027155
 1726     12      1     49      2  -0.028722
 1727     12      1     17      0  -0.046331
 1728     12      1     17      2  -0.015896
 1729     12      1     17      3  -0.046456
 1730     12      1     14      0  -0.429539
 1731     12      1     14      1  -0.448945
 1732     12      1     14      3  38.520034
 1733     12      1     14      4  46.179099
 1734     12      1     14      8  13.682762
 1735     12      1     14      9  15.112849
 1736     12      1     14     10  0.749455
 1737     12      1     41      0  -0.003030
 1738     12      2     12      2  2.910313
 1739     12      2     13      0  -0.113861
 1740     12      2     13      2  -0.115409
 1741     12      2     13      3  -0.117301
 1742     12      2     49      0  -0.026639
 1743     12      2     49      2  -0.028796
 1744     12      2     17      0  -0.045885
 1745     12      2     17      2  -0.014428
 1746     12      2     17      3  -0.045953
 1747     12      2     14      0  -0.339055
 1748     12      2     14      1  -0.349813
 1749     12      2     14      3  0.908143
 1750     12      2     14      4  -1.337880
 1751     12      2     14      8  -2.037890
 1752     12      2     14      9  4.543585
 1753     12      2     14     10  -1.601966
 1754     12      2     41      0  -0.003056
 1755     12      3     12      3  4.354570
 1756     12      3     13      0  -0.053790
 1757     12      3     13      2  -0.054151
 1758     12      3     13      3  -0.053576
 1759     12      3     49      0  -0.026656
 1760     12      3     49      2  -0.026538
 1761     12      3     17      0  -0.021036
 1762     12      3     17      2  -0.004583
 1763     12      3     17      3  -0.020826
 1764     12      3     14      0  -0.095213
 1765     12      3     14      1  -0.096637
 1766     12      3     14      3  -0.696202
 1767     12      3     14      4  -0.666564
 1768     12      3     14      8  -0.683880
 1769     12      3     14      9  -0.726497
 1770     12      3     14     10  -0.717847
 1771     12      3     41      0  -0.005150
 1772     13      0     13      0  -3.423372
 1773     13      0     15      0  -1.000960
 1774     13      0     28      0  -0.552800
 1775     13      0     29      0  -0.070236
 1776     13      0     29      1  -0.065075
 1777     13      0     30      0  -1.259675
 1778     13      0     30      1  -1.152772
 1779     13      0     30      2  -1.191999
 1780     13      0     30     10  -0.956525
 1781     13      0     30     11  -0.988005
 1782     13      0     30     13  -0.893708
 1783     13      0     30     14  -0.518875
 1784     13      0     30     16  -0.518163
 1785     13      0     33      0  -1.809228
 1786     13      0     33      2  -1.770570
 1787     13      0     33      3  -0.214105
 1788     13      0     33      5  -1.640158
 1789     13      0     33      7  -0.172162
 1790     13      0     49      0  -0.227708
 1791     13      0     49      2  -0.283288
 1792     13      0     37     32  -0.523836
 1793     13      0     37      1  -1.046995
 1794     13      0     37      6  -1.789610
 1795     13      0     37     10  8.251086
 1796     13      0     37     13  -0.673227
 1797     13      0     37     20  -1.497045
 1798     13      0     37     23  157.122270
 1799     13      0     37     26  -0.515219
 1800     13      0     46      2  -0.139446
 1801     13      0     46      3  -0.075810
 1802     13      0     46      4  -0.049654
 1803     13      0     46      5  -0.006598
 1804     13      0     46      6  -0.370911
 1805     13      0     46      8  -0.069724
 1806     13      0     46      9  -0.355469
 1807     13      0     46     10  -0.113944
 1808     13      0     46     31  -0.009614
 1809     13      0     46     63  -0.006456
 1810     13      0     46     64  -0.143053
 1811     13      0     17      0  -0.066478
 1812     13      0     17      2  -0.049557
 1813     13      0     17      3  -0.065497
 1814     13      0     19      0  -0.357897
 1815     13      0     19      1  -0.345969
 1816     13      0     19      2  -0.353291
 1817     13      0     19      5  -0.719786
 1818     13      0     19      6  7.688663
 1819     13      0     19      9  -1.500596
 1820     13      0     19     10  40.692697
 1821     13      0     19     15  24.190750
 1822     13      0     19     17  -0.300220
 1823     13      0     24      0  -0.629703
 1824     13      0     24      1  -0.698387
 1825     13      0     14      0  -0.186622
 1826     13      0     14      1  -0.187676
 1827     13      0     14      3  -0.217755
 1828     13      0     14      4  -0.208535
 1829     13      0     14      8  -0.209936
 1830     13      0     14      9  -0.228214
 1831     13      0     14     10  -0.222237
 1832     13      0     39      0  -0.014799
 1833     13      0     40      0  -0.075351
 1834     13      2     13      2  7.006357
 1835     13      2     15      0  -0.831875
 1836     13      2     28      0  -0.558359
 1837     13      2     29      0  -0.071844
 1838     13      2     29      1  -0.065356
 1839     13      2     30      0  -1.416090
 1840     13      2     30      1  -1.336855
 1841     13      2     30      2  -1.366640
 1842     13      2     30     10  -1.130728
 1843     13      2     30     11  -1.150041
 1844     13      2     30     13  -1.048866
 1845     13      2     30     14  -0.589795
 1846     13      2     30     16  -0.589802
 1847     13      2     33      0  -1.867285
 1848     13      2     33      2  -1.595060
 1849     13      2     33      3  -0.229609
 1850     13      2     33      5  -1.626522
 1851     13      2     33      7  -0.183180
 1852     13      2     49      0  -0.224161
 1853     13      2     49      2  -0.278859
 1854     13      2     37     32  -0.427340
 1855     13      2     37      1  -0.890348
 1856     13      2     37      6  -1.717331
 1857     13      2     37     10  -1.582456
 1858     13      2     37     13  -0.564843
 1859     13      2     37     20  -1.301448
 1860     13      2     37     23  0.849092
 1861     13      2     37     26  -0.423201
 1862     13      2     46      2  -0.139906
 1863     13      2     46      3  -0.079745
 1864     13      2     46      4  -0.048330
 1865     13      2     46      5  -0.007149
 1866     13      2     46      6  -0.355937
 1867     13      2     46      8  -0.075030
 1868     13      2     46      9  -0.397373
 1869     13      2     46     10  -0.128387
 1870     13      2     46     31  -0.010805
 1871     13      2     46     63  -0.006279
 1872     13      2     46     64  -0.139403
 1873     13      2     17      0  -0.076038
 1874     13      2     17      2  -0.058037
 1875     13      2     17      3  -0.074817
 1876     13      2     19      0  -0.312324
 1877     13      2     19      1  -0.302783
 1878     13      2     19      2  -0.308038
 1879     13      2     19      5  -1.385173
 1880     13      2     19      6  0.390670
 1881     13      2     19      9  -1.451286
 1882     13      2     19     10  8.784801
 1883     13      2     19     15  12.896378
 1884     13      2     19     17  0.166942
 1885     13      2     24      0  -0.602511
 1886     13      2     24      1  -0.664819
 1887     13      2     14      0  -0.197634
 1888     13      2     14      1  -0.199322
 1889     13      2     14      3  -0.231310
 1890     13      2     14      4  -0.222496
 1891     13      2     14      8  -0.224805
 1892     13      2     14      9  -0.242282
 1893     13      2     14     10  -0.237981
 1894     13      2     39      0  -0.013815
 1895     13      2     40      0  -0.068403
 1896     13      3     13      3  8.149086
 1897     13      3     15      0  -1.186784
 1898     13      3     28      0  -0.554790
 1899     13      3     29      0  -0.065708
 1900     13      3     29      1  -0.061762
 1901     13      3     30      0  -1.081616
 1902     13      3     30      1  -0.984562
 1903     13      3     30      2  -1.017513
 1904     13      3     30     10  -0.807122
 1905     13      3     30     11  -0.833547
 1906     13      3     30     13  -0.749312
 1907     13      3     30     14  -0.418095
 1908     13      3     30     16  -0.417388
 1909     13      3     33      0  -1.799619
 1910     13      3     33      2  -1.802698
 1911     13      3     33      3  -0.221133
 1912     13      3     33      5  -1.670816
 1913     13      3     33      7  -0.176946
 1914     13      3     49      0  -0.226851
 1915     13      3     49      2  -0.281687
 1916     13      3     37     32  -0.619184
 1917     13      3     37      1  -1.205218
 1918     13      3     37      6  -0.911680
 1919     13      3     37     10  306.829968
 1920     13      3     37     13  -0.774452
 1921     13      3     37     20  -1.414292
 1922     13      3     37     23  6942.431346
 1923     13      3     37     26  -0.607115
 1924     13      3     46      2  -0.151219
 1925     13      3     46      3  -0.075912
 1926     13      3     46      4  -0.048482
 1927     13      3     46      5  -0.006183
 1928     13      3     46      6  -0.417359
 1929     13      3     46      8  -0.066609
 1930     13      3     46      9  -0.335812
 1931     13      3     46     10  -0.106471
 1932     13      3     46     31  -0.008451
 1933     13      3     46     63  -0.006077
 1934     13      3     46     64  -0.151927
 1935     13      3     17      0  -0.064880
 1936     13      3     17      2  -0.047812
 1937     13      3     17      3  -0.064648
 1938     13      3     19      0  -0.318242
 1939     13      3     19      1  -0.307446
 1940     13      3     19      2  -0.314259
 1941     13      3     19      5  -0.919661
 1942     13      3     19      6  3.227448
 1943     13      3     19      9  -1.407638
 1944     13      3     19     10  8.984154
 1945     13      3     19     15  2.146656
 1946     13      3     19     17  -1.344457
 1947     13      3     24      0  -0.649230
 1948     13      3     24      1  -0.709004
 1949     13      3     14      0  -0.212102
 1950     13      3     14      1  -0.213017
 1951     13      3     14      3  -0.238994
 1952     13      3     14      4  -0.228279
 1953     13      3     14      8  -0.228717
 1954     13      3     14      9  -0.249936
 1955     13      3     14     10  -0.241211
 1956     13      3     39      0  -0.014936
 1957     13      3     40      0  -0.073253
 1958     14      0     14      0  -1.491486
 1959     14      0     15      0  -0.554794
 1960     14      0     30      0  -0.004519
 1961     14      0     30      1  -0.003672
 1962     14      0     30      2  -0.003932
 1963     14      0     30     10  -0.002185
 1964     14      0     30     11  -0.003144
 1965     14      0     30     13  -0.002215
 1966     14      0     30     14  -0.002244
 1967     14      0     30     16  -0.002182
 1968     14      0     17      0  -1.482814
 1969     14      0     17      2  -0.953533
 1970     14      0     17      3  -1.519907
 1971     14      0     26      0  -0.009449
 1972     14      0     19      0  -0.003437
 1973     14      0     19      1  -0.004132
 1974     14      0     19      2  -0.004068
 1975     14      0     19      5  -0.025879
 1976     14      0     19      6  -0.024005
 1977     14      0     19      9  -0.026904
 1978     14      0     19     10  -0.023733
 1979     14      0     19     15  -0.025478
 1980     14      0     19     17  -0.027264
 1981     14      1     14      1  6.879456
 1982     14      1     15      0  -0.533938
 1983     14      1     30      0  -0.004392
 1984     14      1     30      1  -0.003546
 1985     14      1     30      2  -0.003803
 1986     14      1     30     10  -0.002063
 1987     14      1     30     11  -0.003018
 1988     14      1     30     13  -0.002094
 1989     14      1     30     14  -0.002120
 1990     14      1     30     16  -0.002062
 1991     14      1     17      0  -1.353841
 1992     14      1     17      2  -0.902358
 1993     14      1     17      3  -1.389023
 1994     14      1     26      0  -0.010343
 1995     14      1     19      0  -0.004152
 1996     14      1     19      1  -0.004819
 1997     14      1     19      2  -0.004750
 1998     14      1     19      5  -0.026343
 1999     14      1     19      6  -0.024954
 2000     14      1     19      9  -0.027991
 2001     14      1     19     10  -0.024702
 2002     14      1     19     15  -0.025985
 2003     14      1     19     17  -0.028406
 2004     14      3     14      3  22.249775
 2005     14      3     15      0  -0.252267
 2006     14      3     30      0  -0.006828
 2007     14      3     30      1  -0.005726
 2008     14      3     30      2  -0.006989
 2009     14      3     30     10  -0.003508
 2010     14      3     30     11  -0.006659
 2011     14      3     30     13  -0.004330
 2012     14      3     30     14  -0.002949
 2013     14      3     30     16  -0.002895
 2014     14      3     17      0  -0.985515
 2015     14      3     17      2  -0.446536
 2016     14      3     17      3  -0.976801
 2017     14      3     26      0  -0.002447
 2018     14      3     19      0  -0.003523
 2019     14      3     19      1  -0.004219
 2020     14      3     19      2  -0.004153
 2021     14      3     19      5  -0.029863
 2022     14      3     19      6  -0.027886
 2023     14      3     19      9  -0.031113
 2024     14      3     19     10  -0.027262
 2025     14      3     19     15  -0.028679
 2026     14      3     19     17  -0.031012
 2027     14      4     14      4  22.705388
 2028     14      4     15      0  -0.249225
 2029     14      4     30      0  -0.005698
 2030     14      4     30      1  -0.004189
 2031     14      4     30      2  -0.005251
 2032     14      4     30     10  -0.002693
 2033     14      4     30     11  -0.004983
 2034     14      4     30     13  -0.003341
 2035     14      4     30     14  -0.002741
 2036     14      4     30     16  -0.002710
 2037     14      4     17      0  -0.947471
 2038     14      4     17      2  -0.437537
 2039     14      4     17      3  -0.921563
 2040     14      4     26      0  -0.002456
 2041     14      4     19      0  -0.004301
 2042     14      4     19      1  -0.004989
 2043     14      4     19      2  -0.004916
 2044     14      4     19      5  -0.031380
 2045     14      4     19      6  -0.029321
 2046     14      4     19      9  -0.032613
 2047     14      4     19     10  -0.028606
 2048     14      4     19     15  -0.029998
 2049     14      4     19     17  -0.032414
 2050     14      8     14      8  28.925740
 2051     14      8     15      0  -0.238134
 2052     14      8     30      0  -0.004223
 2053     14      8     30      1  -0.003388
 2054     14      8     30      2  -0.004293
 2055     14      8     30     10  -0.001917
 2056     14      8     30     11  -0.003474
 2057     14      8     30     13  -0.001999
 2058     14      8     30     14  -0.001942
 2059     14      8     30     16  -0.001912
 2060     14      8     17      0  -0.892041
 2061     14      8     17      2  -0.431483
 2062     14      8     17      3  -0.864318
 2063     14      8     26      0  -0.002474
 2064     14      8     19      0  -0.004431
 2065     14      8     19      1  -0.005700
 2066     14      8     19      2  -0.005629
 2067     14      8     19      5  -0.032485
 2068     14      8     19      6  -0.030362
 2069     14      8     19      9  -0.033729
 2070     14      8     19     10  -0.029597
 2071     14      8     19     15  -0.031000
 2072     14      8     19     17  -0.033488
 2073     14      9     14      9  32.796885
 2074     14      9     15      0  -0.243556
 2075     14      9     30      0  -0.007631
 2076     14      9     30      1  -0.005908
 2077     14      9     30      2  -0.007302
 2078     14      9     30     10  -0.003621
 2079     14      9     30     11  -0.006912
 2080     14      9     30     13  -0.004487
 2081     14      9     30     14  -0.002989
 2082     14      9     30     16  -0.002936
 2083     14      9     17      0  -0.983286
 2084     14      9     17      2  -0.456848
 2085     14      9     17      3  -0.989026
 2086     14      9     26      0  -0.002477
 2087     14      9     19      0  -0.003533
 2088     14      9     19      1  -0.004231
 2089     14      9     19      2  -0.004163
 2090     14      9     19      5  -0.029992
 2091     14      9     19      6  -0.028027
 2092     14      9     19      9  -0.031271
 2093     14      9     19     10  -0.027442
 2094     14      9     19     15  -0.028896
 2095     14      9     19     17  -0.031222
 2096     14     10     14     10  45.083631
 2097     14     10     15      0  -0.229113
 2098     14     10     30      0  -0.005673
 2099     14     10     30      1  -0.004659
 2100     14     10     30      2  -0.005216
 2101     14     10     30     10  -0.002572
 2102     14     10     30     11  -0.004891
 2103     14     10     30     13  -0.002656
 2104     14     10     30     14  -0.002618
 2105     14     10     30     16  -0.002588
 2106     14     10     17      0  -0.856282
 2107     14     10     17      2  -0.429304
 2108     14     10     17      3  -0.839437
 2109     14     10     26      0  -0.002479
 2110     14     10     19      0  -0.005026
 2111     14     10     19      1  -0.005697
 2112     14     10     19      2  -0.005666
 2113     14     10     19      5  -0.032883
 2114     14     10     19      6  -0.030778
 2115     14     10     19      9  -0.033608
 2116     14     10     19     10  -0.030035
 2117     14     10     19     15  -0.031479
 2118     14     10     19     17  -0.033410
 2119     15      0     15      0  -3.639191
 2120     15      0     28      0  -0.047681
 2121     15      0     29      0  -0.105526
 2122     15      0     29      1  -0.157884
 2123     15      0     30      0  -0.108880
 2124     15      0     30      1  -0.106042
 2125     15      0     30      2  -0.107218
 2126     15      0     30     10  -0.101570
 2127     15      0     30     11  -0.103404
 2128     15      0     30     13  -0.101983
 2129     15      0     30     14  -0.151489
 2130     15      0     30     16  -0.140570
 2131     15      0     31      0  -0.010512
 2132     15      0     31      1  -0.009473
 2133     15      0     31      3  -0.018602
 2134     15      0     31      4  -0.017316
 2135     15      0     31      6  -0.002852
 2136     15      0     31      7  -0.015432
 2137     15      0     32      1  -0.007859
 2138     15      0     33      0  -0.028135
 2139     15      0     33      2  -0.033896
 2140     15      0     33      3  -0.004263
 2141     15      0     33      5  -0.033187
 2142     15      0     33      7  -0.003461
 2143     15      0     17      0  -0.031131
 2144     15      0     17      2  -0.028747
 2145     15      0     17      3  -0.031375
 2146     15      0     26      0  -0.006424
 2147     15      0     19      0  -0.001853
 2148     15      0     19      1  -0.001835
 2149     15      0     19      2  -0.001823
 2150     15      0     19      5  -0.013766
 2151     15      0     19      6  -0.014266
 2152     15      0     19      9  -0.014088
 2153     15      0     19     10  -0.015375
 2154     15      0     19     15  -0.016246
 2155     15      0     19     17  -0.015456
 2156     15      0     24      0  -0.009550
 2157     15      0     24      1  -0.010815
