    1      9      0      9      0  -0.790295
    2      9      0     28      0  -0.002274
    3      9      0     28      1  -0.001001
    4      9      0     28      2  -0.000076
    5      9      0     29      2  -0.004714
    6      9      0     30      0  -0.046764
    7      9      0     10      0  -0.095816
    8      9      0     11      1  -0.515090
    9      9      0     47      0  -0.042724
   10      9      0     48      0  -0.266306
   11      9      0     49      0  -0.703939
   12     10      0     10      0  -2.184155
   13     10      0     27      0  -0.006543
   14     10      0     27      1  -0.002993
   15     10      0     28      0  -0.071417
   16     10      0     28      1  -0.052351
   17     10      0     28      2  -0.043012
   18     10      0     29      2  -0.119109
   19     10      0     30      0  -0.841464
   20     10      0     11      1  -0.037020
   21     10      0     25      0  -0.016882
   22     11      1     11      1  7.484338
   23     11      1     30      0  -0.182112
   24     11      1     15      0  -0.005455
   25     11      1     46      0  -0.019558
   26     11      1     47      0  -0.063079
   27     11      1     48      0  -0.431038
   28     11      1     49      0  -0.035652
   29     11      1     14      0  -0.065225
   30     11      1     14      1  -0.048936
   31     14      0     14      0  3.864616
   32     14      0     30      0  -0.085336
   33     14      0     15      0  -0.061566
   34     14      0     16      0  -0.046638
   35     14      0     23      0  -0.437166
   36     14      0     23      1  -0.197089
   37     14      0     52      0  -0.241330
   38     14      0     46      0  -0.436132
   39     14      0     47      0  -0.397200
   40     14      0     48      0  -0.041845
   41     14      0     32      0  -0.019167
   42     14      0     32      6  -0.010619
   43     14      0     17      1  -0.093034
   44     14      0     18      0  -0.028010
   45     14      0     43      0  -0.799091
   46     14      0     43      1  35.734477
   47     14      0     43      2  -0.557760
   48     14      1     14      1  14.969554
   49     14      1     30      0  -0.358004
   50     14      1     15      0  -0.190156
   51     14      1     16      0  -0.065051
   52     14      1     23      0  -0.430768
   53     14      1     23      1  -0.708177
   54     14      1     52      0  -0.095071
   55     14      1     46      0  -0.224712
   56     14      1     47      0  -0.079760
   57     14      1     48      0  -0.013265
   58     14      1     32      0  -0.038300
   59     14      1     32      6  -0.024475
   60     14      1     17      1  -0.073856
   61     14      1     18      0  -0.040990
   62     14      1     43      0  -0.765356
   63     14      1     43      1  12.888345
   64     14      1     43      2  -0.442427
   65     15      0     15      0  -2.921091
   66     15      0     30      0  -0.473983
   67     15      0     24      0  -0.160576
   68     15      0     16      0  -0.426819
   69     15      0     23      0  -0.657162
   70     15      0     23      1  -0.592096
   71     15      0     25      0  -0.119885
   72     15      0     21      0  -0.054551
   73     15      0     46      0  -0.004216
   74     15      0     17      1  -0.024109
   75     15      0     18      0  -0.046443
   76     15      0     43      0  -0.024255
   77     15      0     43      1  -0.018779
   78     15      0     43      2  -0.005665
   79     16      0     16      0  -0.825926
   80     16      0     23      0  -0.035120
   81     16      0     23      1  -0.025640
   82     16      0     21      0  -0.019294
   83     16      0     46      0  -0.028730
   84     16      0     17      1  -0.626860
   85     16      0     18      0  -0.019122
   86     52      0     52      0  -2.918127
   87     52      0     53      0  -0.095853
   88     52      0     54      3  -0.006424
   89     17      1     17      1  2.619009
   90     17      1     23      0  -0.024813
   91     17      1     23      1  -0.011890
   92     17      1     46      0  -0.705614
   93     17      1     47      0  -0.002183
   94     17      1     18      0  -0.048726
   95     17      1     40      0  -0.001090
   96     17      1     43      0  -0.065593
   97     17      1     43      1  -0.036750
   98     17      1     43      2  -0.024649
   99     17      1     19      0  -0.038574
  100     18      0     18      0  -3.102928
  101     18      0     24      0  -0.002647
  102     18      0     33      0  -0.012595
  103     18      0     23      0  -0.686170
  104     18      0     23      1  -0.544238
  105     18      0     21      0  -0.160991
  106     18      0     52      0  -0.003579
  107     18      0     46      0  -0.006503
  108     18      0     32      0  -0.054394
  109     18      0     32      6  -0.029676
  110     18      0     37      0  -0.078661
  111     18      0     37      1  -0.049582
  112     18      0     40      0  -0.024209
  113     18      0     43      0  -0.396679
  114     18      0     43      1  -0.070981
  115     18      0     43      2  -0.068603
  116     18      0     36      0  -0.040686
  117     18      0     38      0  -0.027180
  118     18      0     19      0  -0.468112
  119     18      0     20      0  -0.424724
  120     19      0     19      0  -0.865878
  121     19      0     21      0  -0.033188
  122     19      0     37      0  -0.010202
  123     19      0     37      1  -0.014751
  124     19      0     40      0  -0.487868
  125     19      0     43      0  -0.043967
  126     19      0     43      1  -0.011637
  127     19      0     43      2  -0.016031
  128     19      0     38      0  -0.161389
  129     19      0     20      0  -0.432736
  130     20      0     20      0  -1.562581
  131     20      0     33      0  -0.022285
  132     20      0     23      0  -0.016203
  133     20      0     23      1  -0.017098
  134     20      0     21      0  -0.115889
  135     20      0     37      0  -0.078923
  136     20      0     37      1  -0.063249
  137     20      0     40      0  -0.052219
  138     20      0     36      0  -0.286875
  139     20      0     38      0  -0.507641
  140     21      0     21      0  -1.101035
  141     21      0     24      0  -0.004675
  142     21      0     33      0  -0.006883
  143     21      0     23      0  -0.027875
  144     21      0     23      1  -0.026721
  145     21      0     36      0  -0.024725
  146     23      0     23      0  -3.953216
  147     23      0     30      0  -0.448694
  148     23      0     24      0  -0.098806
  149     23      0     31      0  -0.046930
  150     23      0     33      0  -0.019355
  151     23      0     25      0  -0.013981
  152     23      0     52      0  -0.048357
  153     23      0     32      0  -0.551864
  154     23      0     32      6  -0.404604
  155     23      0     37      0  -0.067588
  156     23      0     37      1  -0.028595
  157     23      0     43      0  140.925636
  158     23      0     43      1  -0.299789
  159     23      0     43      2  -0.480038
  160     23      0     36      0  -0.012103
  161     23      1     23      1  3.956657
  162     23      1     30      0  -0.448607
  163     23      1     24      0  -0.105408
  164     23      1     31      0  -0.066549
  165     23      1     33      0  -0.029893
  166     23      1     25      0  -0.014428
  167     23      1     52      0  -0.042840
  168     23      1     32      0  5.231255
  169     23      1     32      6  5.816238
  170     23      1     37      0  -0.127696
  171     23      1     37      1  -0.042820
  172     23      1     43      0  -0.595857
  173     23      1     43      1  -0.459561
  174     23      1     43      2  -0.247307
  175     23      1     36      0  -0.017788
  176     24      0     24      0  -0.553216
  177     24      0     30      0  -0.067188
  178     24      0     31      0  -0.127531
  179     24      0     33      0  -0.021677
  180     24      0     25      0  -0.107851
  181     24      0     32      0  -0.013205
  182     24      0     32      6  -0.013097
  183     25      0     25      0  -0.362674
  184     25      0     27      0  -0.012520
  185     25      0     27      1  -0.004478
  186     25      0     29      2  -0.006868
  187     25      0     30      0  -0.609771
  188     25      0     31      0  -0.014511
  189     27      0     27      0  -0.403142
  190     27      0     28      0  -0.327381
  191     27      0     28      1  -0.591353
  192     27      0     28      2  -0.771837
  193     27      0     29      2  -0.064093
  194     27      0     30      0  -0.001477
  195     27      0     31      0  -0.016958
  196     27      1     27      1  2.275185
  197     27      1     28      0  -0.227701
  198     27      1     28      1  -0.504669
  199     27      1     28      2  -0.668926
  200     27      1     29      2  -0.046682
  201     27      1     30      0  -0.000029
  202     27      1     31      0  -0.009194
  203     28      0     28      0  -0.125058
  204     28      0     29      2  -0.142498
  205     28      0     30      0  -0.007482
  206     28      1     28      1  4.509940
  207     28      1     29      2  -0.209274
  208     28      1     30      0  -0.007137
  209     28      2     28      2  5.528054
  210     28      2     29      2  -0.218839
  211     28      2     30      0  -0.006831
  212     54      3     54      3  1.069352
  213     29      2     29      2  2.824761
  214     29      2     30      0  -0.237651
  215     29      2     31      0  -0.691303
  216     30      0     30      0  1.049144
  217     30      0     31      0  -0.105962
  218     30      0     52      0  -0.014225
  219     30      0     47      0  -0.017938
  220     30      0     32      0  -0.026268
  221     30      0     32      6  -0.022382
  222     30      0     43      0  -0.016594
  223     30      0     43      1  -0.043128
  224     30      0     43      2  -0.009766
  225     31      0     31      0  -1.357351
  226     31      0     33      0  -0.023610
  227     31      0     32      0  -0.151154
  228     31      0     32      6  -0.241594
  229     32      0     32      0  -3.570462
  230     32      0     33      0  -0.121739
  231     32      0     52      0  -0.159487
  232     32      0     37      0  353.689290
  233     32      0     37      1  -0.647834
  234     32      0     43      0  -0.142724
  235     32      0     43      1  -0.138023
  236     32      0     43      2  -0.251952
  237     32      0     35      0  -0.005722
  238     32      0     36      0  -0.054465
  239     32      6     32      6  67.102501
  240     32      6     33      0  -0.117063
  241     32      6     52      0  -0.058473
  242     32      6     37      0  -0.759397
  243     32      6     37      1  -0.306223
  244     32      6     43      0  -0.075586
  245     32      6     43      1  -0.072070
  246     32      6     43      2  -0.099780
  247     32      6     35      0  -0.011625
  248     32      6     36      0  -0.034284
  249     33      0     33      0  -0.182965
  250     33      0     37      0  -0.150802
  251     33      0     37      1  -0.045398
  252     33      0     35      0  -0.727543
  253     33      0     36      0  -0.815758
  254     35      0     35      0  -0.416902
  255     35      0     37      0  -0.019586
  256     35      0     37      1  -0.009774
  257     35      0     36      0  -0.193375
  258     36      0     36      0  0.821205
  259     36      0     37      0  -0.272284
  260     36      0     37      1  -0.116138
  261     36      0     38      0  -0.041064
  262     37      0     37      0  -1.618391
  263     37      0     52      0  -0.005914
  264     37      0     40      0  -0.012714
  265     37      0     43      0  -0.027489
  266     37      0     43      1  -0.013842
  267     37      0     43      2  -0.026831
  268     37      0     38      0  -0.084019
  269     37      0     39      0  -0.123340
  270     37      0     54      3  -0.017255
  271     37      1     37      1  -1.212321
  272     37      1     52      0  -0.008044
  273     37      1     40      0  -0.030383
  274     37      1     43      0  -0.027533
  275     37      1     43      1  -0.014610
  276     37      1     43      2  -0.038390
  277     37      1     38      0  -0.142657
  278     37      1     39      0  -0.484484
  279     37      1     54      3  -0.057552
  280     38      0     38      0  -0.984440
  281     38      0     40      0  -0.453413
  282     38      0     39      0  -0.149658
  283     39      0     39      0  -0.966117
  284     39      0     40      0  -0.058870
  285     39      0     54      3  -1.704632
  286     40      0     40      0  -0.723685
  287     40      0     43      0  -0.014107
  288     40      0     43      1  -0.006069
  289     40      0     43      2  -0.013520
  290     43      0     43      0  -1.647415
  291     43      0     52      0  -0.390649
  292     43      0     46      0  -0.097783
  293     43      0     47      0  -0.039673
  294     43      1     43      1  6.561533
  295     43      1     52      0  -0.791317
  296     43      1     46      0  -0.125942
  297     43      1     47      0  -0.124792
  298     43      2     43      2  34.602349
  299     43      2     52      0  1.146124
  300     43      2     46      0  -0.074998
  301     43      2     47      0  -0.058909
  302     46      0     46      0  -1.791213
  303     46      0     52      0  -0.022266
  304     46      0     47      0  -0.082746
  305     46      0     48      0  -0.037547
  306     47      0     47      0  -2.485605
  307     47      0     52      0  -0.569679
  308     47      0     53      0  -0.006757
  309     47      0     48      0  -0.439542
  310     47      0     49      0  -0.385214
  311     47      0     50      0  -0.246416
  312     48      0     48      0  -0.689400
  313     48      0     49      0  -0.449263
  314     48      0     50      0  -0.042861
  315     49      0     49      0  -1.356243
  316     49      0     52      0  -0.034799
  317     49      0     50      0  -0.117641
  318     50      0     50      0  -1.261833
  319     50      0     52      0  -0.081517
  320     50      0     53      0  -0.026360
  321      2      0      2      0  2.781847
  322      2      0     23      0  -0.021176
  323      2      0     23      1  -0.028532
  324      2      0      3      0  -0.091271
  325      2      0      4      0  -0.049221
  326      2      0      5      1  -0.014066
  327      2      0     52      0  -0.284778
  328      2      0     53      0  -0.181585
  329      2      0     32      0  -0.488342
  330      2      0     32      6  -0.224758
  331      2      0     37      0  -0.195613
  332      2      0     37      1  -0.737247
  333      2      0     14      0  -0.004101
  334      2      0     14      1  -0.002829
  335      2      0     18      0  -0.013084
  336      2      0     40      0  -0.100234
  337      2      0     43      0  -0.093397
  338      2      0     43      1  -0.082421
  339      2      0     43      2  -0.406192
  340      2      0     38      0  -0.033707
  341      2      0     39      0  -1.299917
  342      2      0     54      3  -2.229107
  343      3      0      3      0  -1.227959
  344      3      0     29      2  -0.130450
  345      3      0     31      0  -0.035314
  346      3      0      4      0  -0.139541
  347      3      0      5      1  -0.167870
  348      3      0     52      0  -0.019456
  349      3      0     53      0  -0.111346
  350      3      0     32      0  -0.206789
  351      3      0     32      6  -0.487757
  352      3      0     37      0  -0.019556
  353      3      0     37      1  -0.016970
  354      3      0     54      3  -0.021456
  355     53      0     53      0  -1.110495
  356     53      0     54      3  -0.098040
  357      4      0      4      0  -4.424238
  358      4      0      6      0  -0.021087
  359      4      0      8      0  -0.609527
  360      4      0     29      2  -0.591405
  361      4      0     30      0  -0.547447
  362      4      0     10      0  -0.012395
  363      4      0     31      0  -0.173286
  364      4      0     23      0  -0.397574
  365      4      0     23      1  -0.589939
  366      4      0      5      1  -0.120730
  367      4      0     52      0  -0.497896
  368      4      0     53      0  -0.025529
  369      4      0     47      0  -0.052078
  370      4      0     32      0  -1.001030
  371      4      0     32      6  -0.735665
  372      4      0     14      0  -0.076655
  373      4      0     14      1  -0.206128
  374      4      0     43      0  -0.088949
  375      4      0     43      1  -0.272081
  376      4      0     43      2  -0.137718
  377      5      1      5      1  -1.406718
  378      5      1      6      0  -0.693156
  379      5      1      8      0  -0.028677
  380      5      1     29      2  -0.081495
  381      5      1     52      0  -0.055968
  382      5      1     53      0  -0.866335
  383      5      1     47      0  -0.010406
  384      5      1     49      0  -0.011632
  385      5      1     50      0  -0.012184
  386      6      0      6      0  -0.443443
  387      6      0      8      0  -0.035853
  388      6      0     28      0  -0.013859
  389      6      0     28      1  -0.015143
  390      6      0     28      2  -0.012427
  391      6      0     29      2  -0.225785
  392      6      0      9      0  -0.003225
  393      8      0      8      0  -3.558584
  394      8      0     28      0  -0.018384
  395      8      0     28      1  -0.015850
  396      8      0     28      2  -0.013320
  397      8      0     29      2  -0.628956
  398      8      0     30      0  -0.521605
  399      8      0      9      0  -0.137203
  400      8      0     10      0  -0.374538
  401      8      0     11      1  -0.042503
  402      8      0     31      0  -0.014854
  403      8      0     52      0  -0.033157
  404      8      0     47      0  -0.058763
  405      8      0     49      0  -0.072416
  406      8      0     50      0  -0.000814
  407      8      0     14      0  -0.021666
  408      8      0     14      1  -0.036159
