    1     61      0     61      0  -1.144882
    2     61      0     62      1  -0.090373
    3     61      0     63      0  -0.083949
    4     10      0     10      0  -0.799360
    5     10      0    109      0  -0.039249
    6     10      0    110      0  -0.608065
    7     10      0    111      0  -0.010523
    8     10      0    111      2  -0.012702
    9     10      0    111      5  -0.005974
   10     10      0    111      7  -0.014106
   11     10      0    111      8  -0.005232
   12     10      0    111     13  -0.005999
   13     10      0    111     15  -0.007002
   14     10      0     12      0  -0.099072
   15     10      0     12      1  -0.164480
   16     10      0     12      2  -0.050739
   17     10      0     12      3  -0.187912
   18     10      0     12      4  -0.030375
   19     10      0     12      6  -0.028800
   20     62      1     62      1  -2.689111
   21     62      1     97      2  -0.467855
   22     62      1     63      0  -0.107494
   23     63      0     63      0  -1.011166
   24     63      0     65      1  -0.039454
   25     12      0     12      0  -4.202723
   26     12      0     88      0  -0.012260
   27     12      0     88      1  -0.030282
   28     12      0     88      2  -0.024176
   29     12      0     14      1  -0.009876
   30     12      0     70      0  -0.011239
   31     12      0     69      0  -0.003125
   32     12      0     93      0  -0.006469
   33     12      0     93      1  -0.031080
   34     12      0     93      2  -0.011476
   35     12      0    109      0  -0.699859
   36     12      0    110      0  -0.091454
   37     12      0    111      0  -0.898858
   38     12      0    111      2  -0.826996
   39     12      0    111      5  -0.355880
   40     12      0    111      7  -0.986242
   41     12      0    111      8  -0.315670
   42     12      0    111     13  -0.280946
   43     12      0    111     15  -0.285276
   44     12      0     13      0  -0.104401
   45     12      0     13      1  -0.081150
   46     12      0     13      2  -0.065511
   47     12      0     16      1  0.760568
   48     12      0     16      5  -1.250594
   49     12      0     16     10  0.201762
   50     12      0     16     13  -0.428670
   51     12      0     18      0  -0.528181
   52     12      0     68      0  -0.431572
   53     12      0     68      1  -0.214652
   54     12      0     17      0  -0.007007
   55     12      1     12      1  27.785456
   56     12      1     88      0  -0.011934
   57     12      1     88      1  -0.029285
   58     12      1     88      2  -0.022665
   59     12      1     14      1  -0.009533
   60     12      1     70      0  -0.011261
   61     12      1     69      0  -0.004016
   62     12      1     93      0  -0.005470
   63     12      1     93      1  -0.027193
   64     12      1     93      2  -0.010230
   65     12      1    109      0  -0.550490
   66     12      1    110      0  -0.106059
   67     12      1    111      0  -0.873281
   68     12      1    111      2  -0.790817
   69     12      1    111      5  -0.353785
   70     12      1    111      7  -0.917205
   71     12      1    111      8  -0.313304
   72     12      1    111     13  -0.278251
   73     12      1    111     15  -0.282736
   74     12      1     13      0  -0.099524
   75     12      1     13      1  -0.078220
   76     12      1     13      2  -0.063689
   77     12      1     16      1  -1.122992
   78     12      1     16      5  -1.134631
   79     12      1     16     10  -1.123456
   80     12      1     16     13  -0.337876
   81     12      1     18      0  -0.516046
   82     12      1     68      0  -0.543564
   83     12      1     68      1  -0.260946
   84     12      1     17      0  -0.006369
   85     12      2     12      2  49.798706
   86     12      2     88      0  -0.056349
   87     12      2     88      1  -0.208895
   88     12      2     88      2  -0.113971
   89     12      2     14      1  -0.047900
   90     12      2     70      0  -0.100399
   91     12      2     69      0  -0.016661
   92     12      2     93      0  -0.023634
   93     12      2     93      1  -0.101975
   94     12      2     93      2  -0.028935
   95     12      2    109      0  -0.698058
   96     12      2    110      0  -0.165288
   97     12      2    111      0  23467.825803
   98     12      2    111      2  998.900445
   99     12      2    111      5  138.114565
  100     12      2    111      7  509.389196
  101     12      2    111      8  29.631112
  102     12      2    111     13  9.906089
  103     12      2    111     15  8.006296
  104     12      2     13      0  -0.133646
  105     12      2     13      1  -0.113731
  106     12      2     13      2  -0.101348
  107     12      2     16      1  -0.548693
  108     12      2     16      5  -0.510111
  109     12      2     16     10  -0.458193
  110     12      2     16     13  -0.185685
  111     12      2     18      0  -0.085031
  112     12      2     68      0  -0.383993
  113     12      2     68      1  -0.268386
  114     12      2     17      0  -0.000889
  115     12      3     12      3  49.548952
  116     12      3     88      0  -0.007829
  117     12      3     88      1  -0.023501
  118     12      3     88      2  -0.017093
  119     12      3     14      1  -0.009450
  120     12      3     70      0  -0.010433
  121     12      3     69      0  -0.002190
  122     12      3     93      0  -0.002238
  123     12      3     93      1  -0.017912
  124     12      3     93      2  -0.005176
  125     12      3    109      0  -0.261643
  126     12      3    110      0  -0.112997
  127     12      3    111      0  -0.757820
  128     12      3    111      2  -0.680357
  129     12      3    111      5  -0.352252
  130     12      3    111      7  -0.763015
  131     12      3    111      8  -0.310543
  132     12      3    111     13  -0.275772
  133     12      3    111     15  -0.282173
  134     12      3     13      0  -0.126927
  135     12      3     13      1  -0.096060
  136     12      3     13      2  -0.076588
  137     12      3     16      1  40.353385
  138     12      3     16      5  2.161168
  139     12      3     16     10  11.865144
  140     12      3     16     13  -0.625008
  141     12      3     18      0  -0.438615
  142     12      3     68      0  -0.284787
  143     12      3     68      1  -0.126941
  144     12      3     17      0  -0.007627
  145     12      4     12      4  49.213735
  146     12      4     88      0  -0.016787
  147     12      4     88      1  -0.045986
  148     12      4     88      2  -0.026239
  149     12      4     14      1  -0.041530
  150     12      4     70      0  -0.028032
  151     12      4     69      0  -0.031549
  152     12      4     93      0  -0.006645
  153     12      4     93      1  -0.028228
  154     12      4     93      2  -0.012080
  155     12      4    109      0  -0.266395
  156     12      4    110      0  -0.041368
  157     12      4    111      0  -1.180850
  158     12      4    111      2  -1.535335
  159     12      4    111      5  -0.583082
  160     12      4    111      7  -1.536571
  161     12      4    111      8  -0.515162
  162     12      4    111     13  -0.432967
  163     12      4    111     15  -0.413972
  164     12      4     13      0  -0.419758
  165     12      4     13      1  -0.237548
  166     12      4     13      2  -0.211858
  167     12      4     16      1  1613.722902
  168     12      4     16      5  85.627035
  169     12      4     16     10  28.779644
  170     12      4     16     13  11.792964
  171     12      4     18      0  -0.421591
  172     12      4     68      0  53.198247
  173     12      4     68      1  -0.690088
  174     12      4     17      0  -0.018619
  175     12      6     12      6  60.783426
  176     12      6     88      0  -0.019722
  177     12      6     88      1  -0.054691
  178     12      6     88      2  -0.028356
  179     12      6     14      1  -0.073919
  180     12      6     70      0  -0.047089
  181     12      6     69      0  -0.040317
  182     12      6     93      0  -0.007640
  183     12      6     93      1  -0.027750
  184     12      6     93      2  -0.013060
  185     12      6    109      0  -0.250572
  186     12      6    110      0  -0.042554
  187     12      6    111      0  12.773358
  188     12      6    111      2  -0.484833
  189     12      6    111      5  -0.908146
  190     12      6    111      7  -1.946018
  191     12      6    111      8  -0.847233
  192     12      6    111     13  -0.701662
  193     12      6    111     15  -0.625515
  194     12      6     13      0  -0.416799
  195     12      6     13      1  -0.265452
  196     12      6     13      2  -0.255329
  197     12      6     16      1  0.210553
  198     12      6     16      5  -1.770890
  199     12      6     16     10  -1.820777
  200     12      6     16     13  -0.979226
  201     12      6     18      0  -0.411212
  202     12      6     68      0  19.766318
  203     12      6     68      1  -0.701512
  204     12      6     17      0  -0.013998
  205     13      0     13      0  -0.649311
  206     13      0     14      1  -0.085719
  207     13      0     70      0  -0.009248
  208     13      0     69      0  -0.011573
  209     13      0    111      0  -0.063482
  210     13      0    111      2  -0.057401
  211     13      0    111      5  -0.257125
  212     13      0    111      7  -0.046743
  213     13      0    111      8  -0.208173
  214     13      0    111     13  -0.167352
  215     13      0    111     15  -0.173143
  216     13      0     16      1  1.167527
  217     13      0     16      5  1.456919
  218     13      0     16     10  1.646030
  219     13      0     16     13  2.033043
  220     13      0     68      0  -0.023696
  221     13      0     68      1  -0.011277
  222     13      0     17      0  -0.006981
  223     13      1     13      1  6.986275
  224     13      1     14      1  -0.067690
  225     13      1     70      0  -0.008596
  226     13      1     69      0  -0.004617
  227     13      1    111      0  -0.055121
  228     13      1    111      2  -0.050525
  229     13      1    111      5  -0.292610
  230     13      1    111      7  -0.042007
  231     13      1    111      8  -0.234832
  232     13      1    111     13  -0.196282
  233     13      1    111     15  -0.218967
  234     13      1     16      1  -0.530667
  235     13      1     16      5  -0.627392
  236     13      1     16     10  -0.662507
  237     13      1     16     13  -0.536360
  238     13      1     68      0  -0.011986
  239     13      1     68      1  -0.005486
  240     13      1     17      0  -0.001842
  241     13      2     13      2  18.853511
  242     13      2     14      1  -0.158551
  243     13      2     70      0  -0.012083
  244     13      2     69      0  -0.010937
  245     13      2    111      0  -0.059152
  246     13      2    111      2  -0.054923
  247     13      2    111      5  -0.347149
  248     13      2    111      7  -0.045041
  249     13      2    111      8  -0.284524
  250     13      2    111     13  -0.230976
  251     13      2    111     15  -0.236565
  252     13      2     16      1  -0.458323
  253     13      2     16      5  -0.522720
  254     13      2     16     10  -0.537692
  255     13      2     16     13  -0.489229
  256     13      2     68      0  -0.013344
  257     13      2     68      1  -0.006925
  258     13      2     17      0  -0.001803
  259     65      1     65      1  5.741562
  260     65      1     66      0  -0.059529
  261     65      1     67      0  -0.018390
  262     14      1     14      1  -0.081074
  263     14      1     71      0  -0.115677
  264     14      1     88      0  -0.009803
  265     14      1     88      1  -0.026223
  266     14      1     88      2  -0.005608
  267     14      1     89      0  -0.061983
  268     14      1     89      3  -0.099501
  269     14      1     89      4  -0.036445
  270     14      1     89      5  -0.024481
  271     14      1     70      0  -0.717716
  272     14      1     72      0  -0.014316
  273     14      1     69      0  -1.176528
  274     14      1    111      0  -0.172348
  275     14      1    111      2  -0.202823
  276     14      1    111      5  -0.481367
  277     14      1    111      7  -0.202696
  278     14      1    111      8  -0.561247
  279     14      1    111     13  -0.611305
  280     14      1    111     15  -0.542027
  281     14      1     16      1  -0.024083
  282     14      1     16      5  -0.024583
  283     14      1     16     10  -0.024232
  284     14      1     16     13  -0.024261
  285     14      1     68      0  -0.028408
  286     14      1     68      1  -0.027131
  287     14      1     67      0  -0.076346
  288     90      0     90      0  -0.799663
  289     90      0     91      0  -0.363138
  290     90      0     92      0  -0.002484
  291     90      0     93      0  -0.008839
  292     90      0     93      1  -0.002358
  293     90      0     93      2  -0.001029
  294     90      2     90      2  39.621609
  295     90      2     91      0  -0.763453
  296     90      2     92      0  -0.004895
  297     90      2     93      0  -0.016802
  298     90      2     93      1  -0.006096
  299     90      2     93      2  -0.002888
  300     66      0     66      0  -2.688900
  301     66      0    109      0  -0.031713
  302     66      0     68      0  -0.464389
  303     66      0     68      1  -0.467916
  304     66      0     67      0  -0.121841
  305     66      0     97      2  -0.008883
  306     67      0     67      0  -1.442052
  307     67      0     69      0  -1.685723
  308     67      0     68      0  -0.118313
  309     67      0     68      1  -0.096563
  310     16      1     16      1  1.592689
  311     16      1     70      0  -0.003109
  312     16      1     69      0  -0.014305
  313     16      1    109      0  -0.016971
  314     16      1    111      0  -0.089402
  315     16      1    111      2  -0.077393
  316     16      1    111      5  -0.067326
  317     16      1    111      7  -0.071091
  318     16      1    111      8  -0.060380
  319     16      1    111     13  -0.052995
  320     16      1    111     15  -0.052637
  321     16      1     18      0  -0.368410
  322     16      1     68      0  -0.245046
  323     16      1     68      1  -0.083344
  324     16      1     17      0  -0.144309
  325     16      1     66      0  -0.004366
  326     16      1     67      0  -0.049987
  327     16      5     16      5  3.032436
  328     16      5     70      0  -0.003048
  329     16      5     69      0  -0.015077
  330     16      5    109      0  -0.017449
  331     16      5    111      0  -0.085086
  332     16      5    111      2  -0.075320
  333     16      5    111      5  -0.068259
  334     16      5    111      7  -0.067847
  335     16      5    111      8  -0.060606
  336     16      5    111     13  -0.053218
  337     16      5    111     15  -0.053091
  338     16      5     18      0  -0.387788
  339     16      5     68      0  -0.235403
  340     16      5     68      1  -0.080808
  341     16      5     17      0  -0.144213
  342     16      5     66      0  -0.004314
  343     16      5     67      0  -0.050808
  344     16     10     16     10  6.140644
  345     16     10     70      0  -0.002281
  346     16     10     69      0  -0.015114
  347     16     10    109      0  -0.016985
  348     16     10    111      0  -0.082151
  349     16     10    111      2  -0.072132
  350     16     10    111      5  -0.064900
  351     16     10    111      7  -0.065196
  352     16     10    111      8  -0.057960
  353     16     10    111     13  -0.051889
  354     16     10    111     15  -0.051603
  355     16     10     18      0  -0.454944
  356     16     10     68      0  -0.235118
  357     16     10     68      1  -0.081205
  358     16     10     17      0  -0.143423
  359     16     10     66      0  -0.004394
  360     16     10     67      0  -0.049683
  361     16     13     16     13  9.465840
  362     16     13     70      0  -0.002216
  363     16     13     69      0  -0.015175
  364     16     13    109      0  -0.006875
  365     16     13    111      0  -0.051836
  366     16     13    111      2  -0.044138
  367     16     13    111      5  -0.037693
  368     16     13    111      7  -0.038114
  369     16     13    111      8  -0.033963
  370     16     13    111     13  -0.030649
  371     16     13    111     15  -0.028571
  372     16     13     18      0  -0.238519
  373     16     13     68      0  -0.202725
  374     16     13     68      1  -0.067976
  375     16     13     17      0  -0.305958
  376     16     13     66      0  -0.004402
  377     16     13     67      0  -0.066838
  378    111      0    111      0  -7.447496
  379    111      2    111      2  9.448709
  380    111      5    111      5  73.181383
  381    111      7    111      7  81.465982
  382    111      8    111      8  168.072746
  383    111     13    111     13  265.173900
  384    111     15    111     15  115.269970
  385     17      0     17      0  -1.345994
  386     17      0     18      0  -0.123395
  387     17      0     68      0  -0.028167
  388     17      0     68      1  -0.019050
  389     17      0     50      0  -0.004738
  390     17      0     66      0  -0.048066
  391     17      0     67      0  -0.251941
  392     17      0     19      0  -0.059127
  393     17      0     65      1  -0.778812
  394     69      0     69      0  -2.150380
  395     69      0     71      0  -0.066823
  396     69      0     88      0  -0.021901
  397     69      0     88      1  -0.025354
  398     69      0     88      2  -0.007874
  399     69      0     70      0  -0.076373
  400     69      0     72      0  -0.239992
  401     69      0     73      0  -0.002861
  402     69      0     86      0  -0.002500
  403     69      0     93      0  -0.004292
  404     69      0     93      1  -0.004162
  405     69      0     93      2  -0.008183
  406     69      0    111      0  -0.121279
  407     69      0    111      2  -0.132015
  408     69      0    111      5  -0.025070
  409     69      0    111      7  -0.139029
  410     69      0    111      8  -0.029143
  411     69      0    111     13  -0.032529
  412     69      0    111     15  -0.027358
  413     18      0     18      0  -3.142572
  414     18      0    109      0  -0.101338
  415     18      0     68      0  -0.618354
  416     18      0     68      1  -0.440857
  417     18      0     35      1  -0.027765
  418     18      0     35      3  -0.028259
  419     18      0     66      0  -0.390172
  420     18      0     67      0  -0.023513
  421     18      0    107      1  -0.013875
  422     18      0     19      0  -0.093882
  423     18      0     20      0  -0.148882
  424     18      0     65      1  -0.031350
  425     19      0     19      0  -1.357924
  426     19      0     66      0  -0.015482
  427     19      0     20      0  -0.098358
  428     19      0     21      0  -0.084186
  429     19      0     63      0  -0.368803
  430     19      0     65      1  -0.290584
  431     86      0     86      0  -2.160610
  432     86      0     91      0  -0.366558
  433     86      0     87      0  -0.082283
  434     86      0     87      1  -0.081881
  435     86      0     87      2  -0.081322
  436     86      0     87      3  -0.114544
  437     86      0     87      4  -0.080207
  438     86      0     87      6  -0.115189
  439     86      0     88      0  -0.261141
  440     86      0     88      1  -0.067111
  441     86      0     88      2  -0.073169
  442     86      0     90      0  -0.015323
  443     86      0     90      2  -0.035639
  444     86      0     93      0  -0.326912
  445     86      0     93      1  -0.057770
  446     86      0     93      2  -0.089011
  447     71      0     71      0  -0.932332
  448     71      0     87      0  -0.246087
  449     71      0     87      1  -0.267576
  450     71      0     87      2  -0.245119
  451     71      0     87      3  -0.430855
  452     71      0     87      4  -0.294629
  453     71      0     87      6  -0.402098
  454     71      0     88      0  -0.033012
  455     71      0     88      1  -0.037500
  456     71      0     88      2  -0.017008
  457     71      0     89      0  -0.027241
  458     71      0     89      3  -0.034562
  459     71      0     89      4  -0.034486
  460     71      0     89      5  -0.021919
  461     71      0     90      0  -0.004344
  462     71      0     90      2  -0.005381
  463     71      0     72      0  -0.116977
  464     71      0     73      0  -0.009699
  465     71      0     85      0  -0.191891
  466     71      0     86      0  -0.031190
  467     71      0     93      0  -0.007785
  468     71      0     93      1  -0.002841
  469     71      0     93      2  -0.002874
  470     71      0    111      0  -0.023349
  471     71      0    111      2  -0.023958
  472     71      0    111      5  -0.016521
  473     71      0    111      7  -0.028476
  474     71      0    111      8  -0.016817
  475     71      0    111     13  -0.018911
  476     71      0    111     15  -0.019513
  477     20      0     20      0  -1.744057
  478     20      0     35      1  -0.004383
  479     20      0     35      3  -0.004357
  480     20      0     33      0  -0.402404
  481     20      0     33      1  -0.349778
  482     20      0     66      0  -0.324110
  483     20      0     52      0  -0.010341
  484     20      0     52      1  -0.010693
  485     20      0    107      1  -0.027571
  486     20      0     97      2  -0.263248
  487     20      0     21      0  -0.052278
  488     20      0     62      1  -0.060544
  489     20      0     63      0  -0.034017
  490     20      0     65      1  -0.017798
  491     20      0     31      0  -0.006066
  492     20      0     54      0  -0.012470
  493    109      0    109      0  -3.499111
  494    109      0    110      0  -0.129160
  495    109      0    111      0  -0.595592
  496    109      0    111      2  -0.720072
  497    109      0    111      5  -0.037957
  498    109      0    111      7  -0.805278
  499    109      0    111      8  -0.038278
  500    109      0    111     13  -0.037160
  501    109      0    111     15  -0.035466
  502     21      0     21      0  -1.089777
  503     21      0     97      2  -0.007888
  504     21      0     62      1  -0.022985
  505     21      0     63      0  -0.342165
  506     21      0     23      0  -0.120127
  507     21      0     61      0  -0.060100
  508     76      0     76      0  -1.966665
  509     76      0     83      1  -0.883224
  510     76      0     83      2  -1.266490
  511     76      0     83     15  -1.537242
  512     76      0     81      0  -0.338095
  513     76      0     82      0  -0.029081
  514     76      0     79      0  -0.004895
  515     76      2     76      2  20.174761
  516     76      2     83      1  -0.426963
  517     76      2     83      2  -0.728328
  518     76      2     83     15  -1.087804
  519     76      2     81      0  -0.346554
  520     76      2     82      0  -0.023721
  521     76      2     79      0  -0.006242
  522     73      0     73      0  -2.496225
  523     73      0     83      1  -0.277947
  524     73      0     83      2  -0.196068
  525     73      0     83     15  -0.198294
  526     73      0     85      0  -0.296932
  527     73      0     86      0  -0.045102
  528     73      0     75      0  -0.149111
  529     73      0     82      0  -0.341395
  530     23      0     23      0  -0.705802
  531     23      0     62      1  -0.014390
  532     23      0     63      0  -0.011383
  533     23      0     25      0  -0.070906
  534     23      0     25      1  -0.109871
  535     23      0     25      2  -0.060265
  536     23      0     61      0  -0.657485
  537     75      0     75      0  -3.171141
  538     75      0     83      1  -0.046741
  539     75      0     83      2  -0.046501
  540     75      0     83     15  -0.047578
  541     75      0     76      0  -0.117925
  542     75      0     76      2  -0.090548
  543     75      0     81      0  -0.065632
  544     75      0     82      0  -0.299555
  545     75      0     79      0  -0.004646
  546     25      0     25      0  -3.263790
  547     25      0     97      2  -0.675713
  548     25      0     62      1  -0.751269
  549     25      0    103      0  -0.233965
  550     25      0     29      0  -0.059083
  551     25      0     31      0  -2.568807
  552     25      0     99      0  -0.021237
  553     25      0     54      0  -0.015896
  554     25      0     55      0  -0.006388
  555     25      0     61      0  -0.066665
  556     25      0     26      0  -0.120267
  557     25      0     27      0  -0.050429
  558     25      0     57      0  -0.030212
  559     25      1     25      1  27.276023
  560     25      1     97      2  -0.679301
  561     25      1     62      1  -0.676538
  562     25      1    103      0  -0.163980
  563     25      1     29      0  -0.061581
  564     25      1     31      0  -2.173460
  565     25      1     99      0  -0.019187
  566     25      1     54      0  -0.015861
  567     25      1     55      0  -0.008269
  568     25      1     61      0  -0.067804
  569     25      1     26      0  -0.117417
  570     25      1     27      0  -0.050725
  571     25      1     57      0  -0.030126
  572     25      2     25      2  78.292273
  573     25      2     97      2  -0.094053
  574     25      2     62      1  -0.690168
  575     25      2    103      0  -0.090028
  576     25      2     29      0  -0.080767
  577     25      2     31      0  -1.415703
  578     25      2     99      0  -0.009150
  579     25      2     54      0  -0.018653
  580     25      2     55      0  -0.022080
  581     25      2     61      0  -0.215743
  582     25      2     26      0  -0.204662
  583     25      2     27      0  -0.354150
  584     25      2     57      0  -0.191113
  585     26      0     26      0  -0.300952
  586     26      0    101      0  -0.009062
  587     26      0    103      0  -0.705475
  588     26      0     29      0  -0.759395
  589     26      0     30      0  -0.001005
  590     26      0     30      2  -0.001995
  591     26      0     31      0  -0.578410
  592     26      0     99      0  -0.020026
  593     26      0     27      0  -0.368404
  594     27      0     27      0  -1.517257
  595     27      0     29      0  -0.037527
  596     27      0     55      0  -0.013560
  597     27      0     61      0  -0.011899
  598     27      0     57      0  -0.090469
  599     79      0     79      0  -0.336403
  600     79      0     81      0  -0.118266
  601     29      0     29      0  -1.755642
  602     29      0    100      0  -0.027698
  603     29      0     62      1  -0.017715
  604     29      0    101      0  -0.026862
  605     29      0    103      0  -0.143080
  606     29      0     30      0  -0.132213
  607     29      0     30      2  -0.213710
  608     29      0     31      0  -1.489945
  609     29      0     99      0  -0.327079
  610     29      0     54      0  -0.002638
  611     29      0     55      0  -0.051347
  612     55      0     55      0  -1.596467
  613     55      0     62      1  -0.050200
  614     55      0     57      0  -0.026650
  615     81      0     81      0  -0.993125
  616     81      0     83      1  -0.051101
  617     81      0     83      2  -0.088849
  618     81      0     83     15  -0.076348
  619     81      0     82      0  -0.406451
  620     30      0     30      0  -1.263376
  621     30      0     32      0  -0.257247
  622     30      0     32      1  -0.043700
  623     30      0    100      0  -0.068493
  624     30      0     53      0  -0.581629
  625     30      0     53      2  389.077808
  626     30      0     53      5  204.921896
  627     30      0     97      2  -0.004526
  628     30      0     31      0  -0.157781
  629     30      0     99      0  -0.024701
  630     30      0     54      0  -0.037829
  631     30      0     55      0  -0.540956
  632     30      2     30      2  42.820867
  633     30      2     32      0  -0.173946
  634     30      2     32      1  -0.024797
  635     30      2    100      0  -0.158825
  636     30      2     53      0  -0.188067
  637     30      2     53      2  -1.140253
  638     30      2     53      5  -1.158770
  639     30      2     97      2  -0.002805
  640     30      2     31      0  -0.146194
  641     30      2     99      0  -0.042214
  642     30      2     54      0  -0.022873
  643     30      2     55      0  -0.494020
  644     31      0     31      0  -6.021743
  645     31      0     33      0  -0.093212
  646     31      0     33      1  -0.039216
  647     31      0     32      0  -0.103614
  648     31      0     32      1  -0.060119
  649     31      0    100      0  -0.025083
  650     31      0     52      0  -0.004016
  651     31      0     52      1  -0.002797
  652     31      0     53      0  -0.031782
  653     31      0     53      2  -0.105080
  654     31      0     53      5  -0.116164
  655     31      0     97      2  -1.290232
  656     31      0     62      1  -0.949366
  657     31      0    103      0  -1.223086
  658     31      0     99      0  -0.766323
  659     31      0     54      0  -0.089430
  660     31      0     55      0  -0.066924
  661     83      1     83      1  1.807981
  662     83      1     85      0  -0.074652
  663     83      1     86      0  -0.444538
  664     83      2     83      2  6.199746
  665     83      2     85      0  -0.019138
  666     83      2     86      0  -0.093421
  667     83     15     83     15  24.230848
  668     83     15     85      0  -0.019857
  669     83     15     86      0  -0.087090
  670     32      0     32      0  -1.514912
  671     32      0     36      0  -0.001099
  672     32      0     46      0  -0.020733
  673     32      0     33      0  -0.067085
  674     32      0     33      1  -0.074125
  675     32      0    100      0  -0.796687
  676     32      0     51      0  -0.080136
  677     32      0     52      0  -0.032043
  678     32      0     52      1  -0.028743
  679     32      0     53      0  10.510732
  680     32      0     53      2  -0.635018
  681     32      0     53      5  -0.621732
  682     32      0     97      2  -0.039647
  683     32      0     99      0  -0.041746
  684     32      0     54      0  -0.011732
  685     32      1     32      1  0.800849
  686     32      1     36      0  -0.018462
  687     32      1     46      0  -0.216251
  688     32      1     33      0  -0.143432
  689     32      1     33      1  -0.192339
  690     32      1    100      0  -0.051512
  691     32      1     51      0  -0.092171
  692     32      1     52      0  -0.078042
  693     32      1     52      1  -0.079628
  694     32      1     53      0  -0.901879
  695     32      1     53      2  -0.184628
  696     32      1     53      5  -0.194762
  697     32      1     97      2  -0.048590
  698     32      1     99      0  -0.011274
  699     32      1     54      0  -0.010381
  700     33      0     33      0  -2.314980
  701     33      0     35      1  -0.005863
  702     33      0     35      3  -0.005822
  703     33      0     46      0  -0.004954
  704     33      0     50      0  -0.009719
  705     33      0     66      0  -0.463581
  706     33      0     51      0  -0.032882
  707     33      0     52      0  -0.520773
  708     33      0     52      1  -0.472098
  709     33      0     53      0  -0.045190
  710     33      0     53      2  -0.041239
  711     33      0     53      5  -0.043000
  712     33      0     97      2  -0.491863
  713     33      0     62      1  -0.164986
  714     33      0     65      1  -0.007307
  715     33      0     54      0  -0.229951
  716     33      1     33      1  40.277793
  717     33      1     35      1  -0.007226
  718     33      1     35      3  -0.007178
  719     33      1     46      0  -0.007062
  720     33      1     50      0  -0.016485
  721     33      1     66      0  -0.534924
  722     33      1     51      0  -0.064624
  723     33      1     52      0  32.650197
  724     33      1     52      1  16.080057
  725     33      1     53      0  -0.066696
  726     33      1     53      2  -0.046847
  727     33      1     53      5  -0.048382
  728     33      1     97      2  -0.227101
  729     33      1     62      1  -0.063485
  730     33      1     65      1  -0.008970
  731     33      1     54      0  -0.160313
  732     85      0     85      0  -1.051039
  733     85      0     87      0  -0.094043
  734     85      0     87      1  -0.090351
  735     85      0     87      2  -0.092456
  736     85      0     87      3  -0.566672
  737     85      0     87      4  -0.086876
  738     85      0     87      6  -0.551566
  739     85      0     86      0  -0.114935
  740    107      1    107      1  -1.919613
  741    107      1    109      0  -0.187555
  742     35      1     35      1  -2.219939
  743     35      1     88      0  -0.342099
  744     35      1     88      1  -0.311135
  745     35      1     88      2  -0.290309
  746     35      1     47      0  -0.336851
  747     35      1     72      0  -1.235632
  748     35      1     86      0  -0.043989
  749     35      1     49      0  -0.009435
  750     35      1     69      0  -0.299657
  751     35      1     93      0  -0.577501
  752     35      1     93      1  -0.695485
  753     35      1     93      2  4.430402
  754     35      1    109      0  -0.492443
  755     35      1     68      0  -1.002468
  756     35      1     68      1  4.173412
  757     35      1     36      0  -0.098434
  758     35      1     46      0  -0.054182
  759     35      1     94      0  -0.048309
  760     35      1     50      0  -0.199445
  761     35      1     66      0  -0.299710
  762     35      1     67      0  -0.024162
  763     35      1     51      0  -0.009678
  764     35      3     35      3  -1.234395
  765     35      3     88      0  -0.583782
  766     35      3     88      1  -0.263120
  767     35      3     88      2  -0.247525
  768     35      3     47      0  -0.368964
  769     35      3     72      0  -1.276992
  770     35      3     86      0  -0.041286
  771     35      3     49      0  -0.009718
  772     35      3     69      0  -0.304186
  773     35      3     93      0  -0.499613
  774     35      3     93      1  -0.660491
  775     35      3     93      2  3.340405
  776     35      3    109      0  -0.575348
  777     35      3     68      0  -0.999934
  778     35      3     68      1  27.640227
  779     35      3     36      0  -0.098843
  780     35      3     46      0  -0.054738
  781     35      3     94      0  -0.048657
  782     35      3     50      0  -0.191151
  783     35      3     66      0  -0.288310
  784     35      3     67      0  -0.022200
  785     35      3     51      0  -0.009644
  786     87      0     87      0  -1.314038
  787     87      0     91      0  -0.082560
  788     87      0     88      0  -0.124165
  789     87      0     88      1  -0.171910
  790     87      0     88      2  -0.102475
  791     87      0     89      0  -0.762187
  792     87      0     89      3  -0.794698
  793     87      0     89      4  -1.011644
  794     87      0     89      5  -0.792898
  795     87      0     90      0  -0.912154
  796     87      0     90      2  -0.847190
  797     87      0     93      0  -0.030212
  798     87      0     93      1  -0.012032
  799     87      0     93      2  -0.007737
  800     87      0    111      0  -0.048782
  801     87      0    111      2  -0.046050
  802     87      0    111      5  -0.044539
  803     87      0    111      7  -0.048052
  804     87      0    111      8  -0.041242
  805     87      0    111     13  -0.041573
  806     87      0    111     15  -0.047853
  807     87      1     87      1  0.104396
  808     87      1     91      0  -0.082657
  809     87      1     88      0  -0.119057
  810     87      1     88      1  -0.166078
  811     87      1     88      2  -0.096446
  812     87      1     89      0  -0.774219
  813     87      1     89      3  -0.810412
  814     87      1     89      4  -1.029227
  815     87      1     89      5  -0.804832
  816     87      1     90      0  -0.493972
  817     87      1     90      2  -0.938565
  818     87      1     93      0  -0.029347
  819     87      1     93      1  -0.011509
  820     87      1     93      2  -0.007472
  821     87      1    111      0  -0.048782
  822     87      1    111      2  -0.046288
  823     87      1    111      5  -0.045407
  824     87      1    111      7  -0.048763
  825     87      1    111      8  -0.041954
  826     87      1    111     13  -0.042512
  827     87      1    111     15  -0.049432
  828     87      2     87      2  5.136221
  829     87      2     91      0  -0.086865
  830     87      2     88      0  -0.119689
  831     87      2     88      1  -0.160408
  832     87      2     88      2  -0.100254
  833     87      2     89      0  -0.684005
  834     87      2     89      3  -0.708752
  835     87      2     89      4  -0.935318
  836     87      2     89      5  -0.713338
  837     87      2     90      0  -0.951185
  838     87      2     90      2  -0.888340
  839     87      2     93      0  -0.030287
  840     87      2     93      1  -0.011981
  841     87      2     93      2  -0.007635
  842     87      2    111      0  -0.047824
  843     87      2    111      2  -0.044773
  844     87      2    111      5  -0.043791
  845     87      2    111      7  -0.046667
  846     87      2    111      8  -0.040046
  847     87      2    111     13  -0.040172
  848     87      2    111     15  -0.046920
  849     87      3     87      3  7.407184
  850     87      3     91      0  -0.073740
  851     87      3     88      0  -0.058156
  852     87      3     88      1  -0.057729
  853     87      3     88      2  -0.039970
  854     87      3     89      0  -0.099899
  855     87      3     89      3  -0.106774
  856     87      3     89      4  -0.134429
  857     87      3     89      5  -0.101936
  858     87      3     90      0  -0.434118
  859     87      3     90      2  -0.546561
  860     87      3     93      0  -0.019022
  861     87      3     93      1  -0.004053
  862     87      3     93      2  -0.003375
  863     87      3    111      0  -0.012494
  864     87      3    111      2  -0.011402
  865     87      3    111      5  -0.007004
  866     87      3    111      7  -0.012882
  867     87      3    111      8  -0.004366
  868     87      3    111     13  -0.006707
  869     87      3    111     15  -0.009445
  870     87      4     87      4  7.656279
  871     87      4     91      0  -0.086399
  872     87      4     88      0  -0.107234
  873     87      4     88      1  -0.144869
  874     87      4     88      2  -0.086330
  875     87      4     89      0  -0.783197
  876     87      4     89      3  -0.820578
  877     87      4     89      4  -1.048678
  878     87      4     89      5  -0.818612
  879     87      4     90      0  6.391668
  880     87      4     90      2  -1.044398
  881     87      4     93      0  -0.028781
  882     87      4     93      1  -0.012687
  883     87      4     93      2  -0.007648
  884     87      4    111      0  -0.046203
  885     87      4    111      2  -0.044247
  886     87      4    111      5  -0.044122
  887     87      4    111      7  -0.047012
  888     87      4    111      8  -0.040834
  889     87      4    111     13  -0.041310
  890     87      4    111     15  -0.048559
  891     87      6     87      6  11.868754
  892     87      6     91      0  -0.073151
  893     87      6     88      0  -0.058643
  894     87      6     88      1  -0.057818
  895     87      6     88      2  -0.038913
  896     87      6     89      0  -0.101306
  897     87      6     89      3  -0.107234
  898     87      6     89      4  -0.134494
  899     87      6     89      5  -0.103824
  900     87      6     90      0  -0.465763
  901     87      6     90      2  -0.551712
  902     87      6     93      0  -0.019159
  903     87      6     93      1  -0.004040
  904     87      6     93      2  -0.003351
  905     87      6    111      0  -0.012387
  906     87      6    111      2  -0.011193
  907     87      6    111      5  -0.006179
  908     87      6    111      7  -0.012663
  909     87      6    111      8  -0.003797
  910     87      6    111     13  -0.005916
  911     87      6    111     15  -0.008511
  912     36      0     36      0  -1.349623
  913     36      0     88      0  -0.008281
  914     36      0     88      1  -0.000219
  915     36      0     88      2  -0.004213
  916     36      0     39      0  -0.007753
  917     36      0     39      1  -0.009219
  918     36      0     47      0  -0.009423
  919     36      0     72      0  -0.071049
  920     36      0     86      0  -0.012191
  921     36      0     76      0  -0.002316
  922     36      0     76      2  -0.000923
  923     36      0     75      0  -0.002367
  924     36      0     92      0  -0.006356
  925     36      0     93      0  -0.037433
  926     36      0     93      1  -0.031915
  927     36      0     93      2  -0.101055
  928     36      0     38      0  -0.026923
  929     36      0     44      0  -0.552921
  930     36      0     46      0  2.127977
  931     36      0     94      0  5.578683
  932     36      0     51      0  -0.003829
  933     88      0     88      0  -3.066287
  934     88      0     91      0  -0.102382
  935     88      0     89      0  -0.090993
  936     88      0     89      3  -0.100016
  937     88      0     89      4  -0.084110
  938     88      0     89      5  -0.080771
  939     88      0     90      0  -0.017300
  940     88      0     90      2  -0.027238
  941     88      0     92      0  -0.018729
  942     88      0     93      0  3521.156479
  943     88      0     93      1  6.478775
  944     88      0     93      2  4.057022
  945     88      0    109      0  -0.109683
  946     88      0    110      0  -0.012602
  947     88      0    111      0  -0.796214
  948     88      0    111      2  -0.891805
  949     88      0    111      5  -0.084259
  950     88      0    111      7  -0.752263
  951     88      0    111      8  -0.085598
  952     88      0    111     13  -0.090130
  953     88      0    111     15  -0.093240
  954     88      0     94      0  -0.009145
  955     88      1     88      1  10.291458
  956     88      1     91      0  -0.055340
  957     88      1     89      0  -0.299687
  958     88      1     89      3  -0.352793
  959     88      1     89      4  -0.263400
  960     88      1     89      5  -0.253370
  961     88      1     90      0  -0.018544
  962     88      1     90      2  -0.025680
  963     88      1     92      0  -0.013049
  964     88      1     93      0  6.070537
  965     88      1     93      1  0.032521
  966     88      1     93      2  -0.456843
  967     88      1    109      0  -0.106080
  968     88      1    110      0  -0.023797
  969     88      1    111      0  462.853066
  970     88      1    111      2  38.933062
  971     88      1    111      5  -0.461197
  972     88      1    111      7  8.611560
  973     88      1    111      8  -0.474647
  974     88      1    111     13  -0.514947
  975     88      1    111     15  -0.550312
  976     88      1     94      0  -0.002317
  977     88      2     88      2  35.745547
  978     88      2     91      0  -0.084865
  979     88      2     89      0  -0.116890
  980     88      2     89      3  -0.126474
  981     88      2     89      4  -0.108490
  982     88      2     89      5  -0.103866
  983     88      2     90      0  -0.018318
  984     88      2     90      2  -0.026821
  985     88      2     92      0  -0.047885
  986     88      2     93      0  23.375595
  987     88      2     93      1  2655.399497
  988     88      2     93      2  5.491867
  989     88      2    109      0  -0.283150
  990     88      2    110      0  -0.048939
  991     88      2    111      0  0.396356
  992     88      2    111      2  -0.681033
  993     88      2    111      5  -0.135123
  994     88      2    111      7  -1.071742
  995     88      2    111      8  -0.136389
  996     88      2    111     13  -0.140899
  997     88      2    111     15  -0.145307
  998     88      2     94      0  -0.011017
  999     99      0     99      0  -2.123660
 1000     99      0    100      0  -0.141518
 1001     99      0    101      0  -0.107740
 1002     99      0    103      0  -0.576388
 1003     89      0     89      0  -1.631546
 1004     89      0     91      0  -0.009415
 1005     89      0     90      0  -0.138321
 1006     89      0     90      2  -0.082403
 1007     89      0     93      0  -0.014305
 1008     89      0     93      1  -0.015313
 1009     89      0     93      2  -0.003162
 1010     89      0    110      0  -0.018546
 1011     89      0    111      0  -0.807524
 1012     89      0    111      2  -0.805408
 1013     89      0    111      5  1187.475387
 1014     89      0    111      7  -0.850231
 1015     89      0    111      8  97.990684
 1016     89      0    111     13  2.257433
 1017     89      0    111     15  2.050808
 1018     89      3     89      3  12.399755
 1019     89      3     91      0  -0.009447
 1020     89      3     90      0  -0.144798
 1021     89      3     90      2  -0.087252
 1022     89      3     93      0  -0.014892
 1023     89      3     93      1  -0.017704
 1024     89      3     93      2  -0.003131
 1025     89      3    110      0  -0.020791
 1026     89      3    111      0  -1.099451
 1027     89      3    111      2  -1.124787
 1028     89      3    111      5  858.199424
 1029     89      3    111      7  -1.226010
 1030     89      3    111      8  90.104144
 1031     89      3    111     13  10.819219
 1032     89      3    111     15  510.092983
 1033     89      4     89      4  16.291428
 1034     89      4     91      0  -0.009542
 1035     89      4     90      0  -0.161322
 1036     89      4     90      2  -0.096090
 1037     89      4     93      0  -0.013877
 1038     89      4     93      1  -0.013041
 1039     89      4     93      2  -0.003014
 1040     89      4    110      0  -0.014972
 1041     89      4    111      0  -0.512114
 1042     89      4    111      2  -0.501167
 1043     89      4    111      5  -1.390189
 1044     89      4    111      7  -0.524321
 1045     89      4    111      8  -1.511571
 1046     89      4    111     13  -1.299704
 1047     89      4    111     15  -1.369683
 1048     89      5     89      5  16.218395
 1049     89      5     91      0  -0.009492
 1050     89      5     90      0  -0.154888
 1051     89      5     90      2  -0.091790
 1052     89      5     93      0  -0.012728
 1053     89      5     93      1  -0.013067
 1054     89      5     93      2  -0.002984
 1055     89      5    110      0  -0.016019
 1056     89      5    111      0  -0.509589
 1057     89      5    111      2  -0.498134
 1058     89      5    111      5  -1.633518
 1059     89      5    111      7  -0.518517
 1060     89      5    111      8  -1.632900
 1061     89      5    111     13  -1.345495
 1062     89      5    111     15  -1.336206
 1063     38      0     38      0  -2.208156
 1064     38      0     91      0  -0.026046
 1065     38      0     39      0  -0.083231
 1066     38      0     39      1  -0.103185
 1067     38      0     40      0  -0.052851
 1068     38      0     41      0  -0.140185
 1069     38      0     43      0  -0.054918
 1070     38      0     86      0  -0.009418
 1071     38      0     92      0  -0.017538
 1072     38      0     93      0  -0.006432
 1073     38      0     93      1  -0.002612
 1074     38      0     93      2  -0.005459
 1075     38      0     44      0  -0.316421
 1076     38      0     94      0  -0.010083
 1077     39      0     39      0  -1.132581
 1078     39      0     91      0  -0.032038
 1079     39      0     40      0  -0.170775
 1080     39      0     41      0  -0.017033
 1081     39      0     43      0  -0.146810
 1082     39      0     83      1  201.430025
 1083     39      0     83      2  31.315015
 1084     39      0     83     15  6.616873
 1085     39      0     85      0  -0.007104
 1086     39      0     86      0  -0.387899
 1087     39      0     76      0  -0.142687
 1088     39      0     76      2  -0.055924
 1089     39      0     75      0  -0.004825
 1090     39      0     44      0  -0.038941
 1091     39      0     46      0  -0.008903
 1092     39      1     39      1  22.600447
 1093     39      1     91      0  -0.025215
 1094     39      1     40      0  -0.260908
 1095     39      1     41      0  -0.020194
 1096     39      1     43      0  -0.467214
 1097     39      1     83      1  -2.668665
 1098     39      1     83      2  -1.954244
 1099     39      1     83     15  -2.307437
 1100     39      1     85      0  -0.003497
 1101     39      1     86      0  -0.318523
 1102     39      1     76      0  -0.302177
 1103     39      1     76      2  -0.118404
 1104     39      1     75      0  -0.006885
 1105     39      1     44      0  -0.058052
 1106     39      1     46      0  -0.011965
 1107     91      0     91      0  -1.654730
 1108     91      0     92      0  -0.072752
 1109     91      0     93      0  -0.224156
 1110     91      0     93      1  -0.053497
 1111     91      0     93      2  -0.050071
 1112     40      0     40      0  -0.381849
 1113     40      0     41      0  -0.376397
 1114     40      0     43      0  -0.615809
 1115     40      0     83      1  -0.279387
 1116     40      0     83      2  -0.908365
 1117     40      0     83     15  -1.180557
 1118     40      0     76      0  -0.021296
 1119     40      0     76      2  -0.021165
 1120     40      0     44      0  -0.003149
 1121     41      0     41      0  -0.307433
 1122     41      0     43      0  -0.044547
 1123     57      0     57      0  -2.412060
 1124     57      0     62      1  -0.075168
 1125     57      0     63      0  -0.016980
 1126     57      0     61      0  -0.820377
 1127     93      0     93      0  -2.631225
 1128     93      0    109      0  -0.264078
 1129     93      0    110      0  -0.011216
 1130     93      0    111      0  -0.240336
 1131     93      0    111      2  -0.213642
 1132     93      0    111      5  -0.014191
 1133     93      0    111      7  -0.163571
 1134     93      0    111      8  -0.013390
 1135     93      0    111     13  -0.014002
 1136     93      0    111     15  -0.015384
 1137     93      0     94      0  -0.061058
 1138     93      1     93      1  14.645438
 1139     93      1    109      0  0.372340
 1140     93      1    110      0  -0.037247
 1141     93      1    111      0  -0.497880
 1142     93      1    111      2  -0.458520
 1143     93      1    111      5  -0.035923
 1144     93      1    111      7  -0.560958
 1145     93      1    111      8  -0.035512
 1146     93      1    111     13  -0.036255
 1147     93      1    111     15  -0.036050
 1148     93      1     94      0  -0.077006
 1149     93      2     93      2  30.143845
 1150     93      2    109      0  -0.498882
 1151     93      2    110      0  -0.009955
 1152     93      2    111      0  -0.222738
 1153     93      2    111      2  -0.212619
 1154     93      2    111      5  -0.008896
 1155     93      2    111      7  -0.169702
 1156     93      2    111      8  -0.010271
 1157     93      2    111     13  -0.010615
 1158     93      2    111     15  -0.010539
 1159     93      2     94      0  -0.139964
 1160    103      0    103      0  -1.213481
 1161     43      0     43      0  -1.712696
 1162     43      0     83      1  -0.150948
 1163     43      0     83      2  -0.310907
 1164     43      0     83     15  -0.816618
 1165     43      0     76      0  -0.444350
 1166     43      0     76      2  -0.134776
 1167     43      0     44      0  -0.104090
 1168     44      0     44      0  -0.801935
 1169     44      0     76      0  -0.035476
 1170     44      0     76      2  -0.037954
 1171     44      0     46      0  -0.330107
 1172     44      0     94      0  -0.027840
 1173    100      0    100      0  -0.233263
 1174    100      0    101      0  -0.069977
 1175    100      0    103      0  -0.005670
 1176     97      2     97      2  5.510843
 1177     97      2    103      0  -0.038309
 1178     97      2     99      0  -0.026933
 1179     46      0     46      0  -1.875530
 1180     46      0     47      0  -0.068701
 1181     46      0     72      0  -0.091797
 1182     46      0     73      0  -0.001648
 1183     46      0     83      1  -0.001080
 1184     46      0     83      2  -0.001048
 1185     46      0     83     15  -0.001047
 1186     46      0     86      0  -0.009509
 1187     46      0     49      0  -0.002102
 1188     46      0     76      0  -0.017699
 1189     46      0     76      2  -0.013860
 1190     46      0     75      0  -0.080068
 1191     46      0     93      0  -0.006541
 1192     46      0     93      1  -0.002880
 1193     46      0     93      2  -0.014444
 1194     46      0     94      0  -0.017914
 1195     46      0     50      0  -0.009144
 1196     46      0     51      0  -0.045930
 1197     47      0     47      0  4.064034
 1198     47      0     71      0  -0.006094
 1199     47      0     88      0  -0.007842
 1200     47      0     88      1  -0.000239
 1201     47      0     88      2  -0.000221
 1202     47      0     72      0  -1.136434
 1203     47      0     73      0  -0.061940
 1204     47      0     86      0  -0.015127
 1205     47      0     49      0  2.890703
 1206     47      0     69      0  -0.376900
 1207     47      0     75      0  -0.045463
 1208     47      0     93      0  -0.005166
 1209     47      0     93      1  -0.002819
 1210     47      0     93      2  -0.014117
 1211     47      0     68      0  -0.019222
 1212     47      0     68      1  -0.027710
 1213     47      0     50      0  -1.300701
 1214     47      0     66      0  -0.037895
 1215     47      0     67      0  -0.027587
 1216     47      0     51      0  -0.066618
 1217     92      0     92      0  -0.476330
 1218     92      0     93      0  -0.081093
 1219     92      0     93      1  -0.088963
 1220     92      0     93      2  -0.062104
 1221     92      0    109      0  -0.023884
 1222     92      0    110      0  -0.021728
 1223     92      0     94      0  -0.030945
 1224     49      0     49      0  -0.553027
 1225     49      0     72      0  -0.041945
 1226     49      0     73      0  -0.039559
 1227     49      0     69      0  -0.110272
 1228     49      0     75      0  -0.020860
 1229     49      0     50      0  -0.492192
 1230     49      0     67      0  -0.019614
 1231     49      0     51      0  -0.025473
 1232    101      0    101      0  -0.676425
 1233    101      0    103      0  -0.410974
 1234     50      0     50      0  -2.030465
 1235     50      0     72      0  -0.050444
 1236     50      0     69      0  -0.603279
 1237     50      0     68      0  -0.053721
 1238     50      0     68      1  -0.061269
 1239     50      0     66      0  -0.529388
 1240     50      0     67      0  -0.369649
 1241     50      0     51      0  -0.091598
 1242     50      0     52      0  -0.021083
 1243     50      0     52      1  -0.041869
 1244     50      0     65      1  -0.000899
 1245     70      0     70      0  -0.761314
 1246     70      0     71      0  -0.195070
 1247     70      0     87      0  -0.107951
 1248     70      0     87      1  -0.126387
 1249     70      0     87      2  -0.095333
 1250     70      0     87      3  -0.040621
 1251     70      0     87      4  -0.129215
 1252     70      0     87      6  -0.038107
 1253     70      0     88      0  -0.085809
 1254     70      0     88      1  -0.326260
 1255     70      0     88      2  -0.075481
 1256     70      0     89      0  -0.710922
 1257     70      0     89      3  3.455196
 1258     70      0     89      4  -0.486356
 1259     70      0     89      5  -0.346778
 1260     70      0     90      0  -0.003903
 1261     70      0     90      2  -0.003652
 1262     70      0     72      0  -0.019764
 1263     70      0     86      0  -0.004175
 1264     70      0     93      0  -0.011561
 1265     70      0     93      1  -0.012820
 1266     70      0     93      2  -0.007278
 1267     70      0    109      0  -0.005326
 1268     70      0    110      0  -0.001072
 1269     70      0    111      0  -0.872539
 1270     70      0    111      2  -0.544085
 1271     70      0    111      5  -1.191314
 1272     70      0    111      7  7.446483
 1273     70      0    111      8  -1.024396
 1274     70      0    111     13  3.675885
 1275     70      0    111     15  25.491029
 1276     51      0     51      0  -1.433143
 1277     51      0     75      0  -0.016284
 1278     51      0     66      0  -0.044237
 1279     51      0     67      0  -0.000794
 1280     51      0     52      0  -0.079242
 1281     51      0     52      1  -0.112356
 1282     51      0     53      0  -0.045857
 1283     51      0     53      2  -0.012056
 1284     51      0     53      5  -0.012176
 1285     51      0     97      2  -0.000979
 1286      2      0      2      0  -1.062428
 1287      2      0      4      0  -0.051225
 1288      2      0     97      2  -0.072455
 1289      2      0     62      1  -0.004735
 1290      2      0    103      0  -0.897188
 1291      2      0     25      0  -0.577462
 1292      2      0     25      1  -0.391894
 1293      2      0     25      2  -0.083418
 1294      2      0     31      0  -0.147070
 1295      2      0     99      0  -0.011485
 1296      2      0     23      0  -0.019947
 1297      2      0     26      0  -0.025272
 1298     52      0     52      0  -1.125416
 1299     52      0     66      0  -0.107430
 1300     52      0     67      0  -0.002283
 1301     52      0     53      0  -0.164639
 1302     52      0     53      2  -0.117475
 1303     52      0     53      5  -0.117150
 1304     52      0     97      2  -0.006296
 1305     52      0     65      1  -0.015174
 1306     52      0     54      0  -0.256554
 1307     52      1     52      1  3.671784
 1308     52      1     66      0  -0.146050
 1309     52      1     67      0  -0.006717
 1310     52      1     53      0  -0.114434
 1311     52      1     53      2  -0.075305
 1312     52      1     53      5  -0.075302
 1313     52      1     97      2  -0.005472
 1314     52      1     65      1  -0.017001
 1315     52      1     54      0  -0.171374
 1316     82      0     82      0  -0.214824
 1317     82      0     83      1  -0.054843
 1318     82      0     83      2  -0.057822
 1319     82      0     83     15  -0.054822
 1320     53      0     53      0  -1.551387
 1321     53      0     97      2  -0.005345
 1322     53      0     54      0  -0.077938
 1323     53      0     55      0  -0.026084
 1324     53      2     53      2  1.894424
 1325     53      2     97      2  -0.008517
 1326     53      2     54      0  -0.204521
 1327     53      2     55      0  -0.148228
 1328     53      5     53      5  10.154339
 1329     53      5     97      2  -0.009510
 1330     53      5     54      0  -0.178355
 1331     53      5     55      0  -0.137771
 1332      4      0      4      0  -1.923739
 1333      4      0     94      0  -0.007816
 1334      4      0     33      0  -0.011144
 1335      4      0     33      1  -0.007074
 1336      4      0      5      0  -0.093677
 1337      4      0      6      0  -0.100081
 1338      4      0    107      1  -0.211268
 1339      4      0     97      2  -0.501120
 1340      4      0     20      0  -0.165336
 1341      4      0     21      0  -0.026223
 1342      4      0     62      1  -0.016465
 1343      4      0     25      0  -0.055095
 1344      4      0     25      1  -0.059878
 1345      4      0     25      2  -0.009079
 1346      4      0     31      0  -0.016116
 1347      4      0     23      0  -0.026533
 1348     54      0     54      0  -1.190157
 1349     54      0     97      2  -0.032850
 1350     54      0     62      1  -1.100821
 1351     54      0     63      0  -0.018157
 1352     54      0     55      0  -0.120844
 1353     54      0     61      0  -0.002953
 1354     54      0     57      0  -0.014762
 1355      5      0      5      0  -0.784745
 1356      5      0      6      0  -0.099404
 1357      5      0    107      1  -0.246044
 1358      5      0      7      0  -0.359195
 1359      5      0     19      0  -0.018380
 1360      5      0     20      0  -0.025143
 1361      5      0     21      0  -0.214834
 1362      5      0     63      0  -0.006264
 1363      5      0     23      0  -0.026150
 1364      6      0      6      0  -2.665066
 1365      6      0     10      0  -0.007335
 1366      6      0    109      0  -0.345700
 1367      6      0     12      0  -0.059384
 1368      6      0     12      1  -0.059187
 1369      6      0     12      2  -0.013668
 1370      6      0     12      3  -0.037362
 1371      6      0     12      4  -0.019007
 1372      6      0     12      6  -0.020351
 1373      6      0     18      0  -0.501028
 1374      6      0     68      0  -0.034380
 1375      6      0     68      1  -0.031429
 1376      6      0     35      1  -0.008502
 1377      6      0     35      3  -0.008193
 1378      6      0     94      0  -0.015059
 1379      6      0     66      0  -0.045203
 1380      6      0    107      1  -1.013581
 1381      6      0      7      0  -0.101900
 1382      6      0      8      0  -0.040357
 1383      6      0     19      0  -0.035829
 1384      6      0     20      0  -0.529390
 1385      6      0     21      0  -0.012044
 1386      7      0      7      0  -0.713839
 1387      7      0     18      0  -0.046466
 1388      7      0    107      1  -0.037675
 1389      7      0      8      0  -0.344290
 1390      7      0     19      0  -0.196173
 1391      7      0     20      0  -0.013655
 1392      7      0     21      0  -0.024401
 1393     68      0     68      0  -2.089397
 1394     68      0     88      0  -0.025297
 1395     68      0     88      1  -0.031584
 1396     68      0     88      2  -0.021712
 1397     68      0     70      0  -0.012683
 1398     68      0     72      0  -0.025923
 1399     68      0     69      0  -0.158213
 1400     68      0     93      0  -0.017507
 1401     68      0     93      1  -0.039233
 1402     68      0     93      2  -0.042303
 1403     68      0    109      0  -0.378006
 1404     68      0    111      0  -0.640360
 1405     68      0    111      2  -0.586615
 1406     68      0    111      5  -0.042119
 1407     68      0    111      7  -0.571019
 1408     68      0    111      8  -0.043653
 1409     68      0    111     13  -0.040367
 1410     68      0    111     15  -0.034571
 1411     68      0     94      0  -0.003480
 1412     68      1     68      1  29.766364
 1413     68      1     88      0  -0.062321
 1414     68      1     88      1  -0.069687
 1415     68      1     88      2  -0.046181
 1416     68      1     70      0  -0.017998
 1417     68      1     72      0  -0.053958
 1418     68      1     69      0  -0.204035
 1419     68      1     93      0  -0.037259
 1420     68      1     93      1  -0.087364
 1421     68      1     93      2  -0.095793
 1422     68      1    109      0  -0.550301
 1423     68      1    111      0  0.077018
 1424     68      1    111      2  0.081457
 1425     68      1    111      5  -0.038801
 1426     68      1    111      7  0.088120
 1427     68      1    111      8  -0.041252
 1428     68      1    111     13  -0.040044
 1429     68      1    111     15  -0.034761
 1430     68      1     94      0  -0.006048
 1431      8      0      8      0  -1.016711
 1432      8      0     10      0  -0.050040
 1433      8      0    109      0  -0.015132
 1434      8      0    110      0  -0.002486
 1435      8      0     12      0  -0.563327
 1436      8      0     12      1  -0.384181
 1437      8      0     12      2  -0.054358
 1438      8      0     12      3  -0.639041
 1439      8      0     12      4  -0.151954
 1440      8      0     12      6  -0.100374
 1441      8      0     13      0  -0.010135
 1442      8      0     13      1  -0.007852
 1443      8      0     13      2  -0.004825
 1444      8      0     16      1  -0.707668
 1445      8      0     16      5  0.139160
 1446      8      0     16     10  0.663521
 1447      8      0     16     13  -0.204468
 1448      8      0     18      0  -0.342080
 1449      8      0     68      0  -0.013711
 1450      8      0     68      1  -0.006368
 1451      8      0     17      0  -0.017367
 1452      8      0     19      0  -0.033697
 1453    110      0    110      0  -0.819525
 1454    110      0    111      0  -0.142593
 1455    110      0    111      2  -0.156908
 1456    110      0    111      5  -0.080443
 1457    110      0    111      7  -0.167020
 1458    110      0    111      8  -0.080675
 1459    110      0    111     13  -0.081341
 1460    110      0    111     15  -0.081976
 1461     72      0     72      0  -5.696835
 1462     72      0     87      0  -0.033233
 1463     72      0     87      1  -0.033887
 1464     72      0     87      2  -0.032314
 1465     72      0     87      3  -0.045808
 1466     72      0     87      4  -0.033043
 1467     72      0     87      6  -0.046225
 1468     72      0     88      0  -0.450941
 1469     72      0     88      1  -0.161566
 1470     72      0     88      2  -0.150999
 1471     72      0     73      0  -0.155871
 1472     72      0     85      0  -0.065437
 1473     72      0     86      0  -1.522431
 1474     72      0     75      0  -0.028308
 1475     72      0     93      0  -0.578595
 1476     72      0     93      1  -0.200185
 1477     72      0     93      2  -0.552220
 1478     94      0     94      0  -1.923501
 1479     94      0    109      0  -0.101271
 1480     94      0    107      1  -0.041366
