    1     40      0     40      0  -1.386278
    2     40      0     41      0  -0.076657
    3     40      0     42      0  -0.029584
    4     40      0     43      0  -0.001710
    5     40      0     43      2  -0.002172
    6     41      0     41      0  -0.501012
    7     41      0     76      0  -0.000056
    8     41      0     42      0  -0.053270
    9     41      0     43      0  -0.845127
   10     41      0     43      2  -0.904088
   11     42      0     42      0  -0.752626
   12     42      0     76      0  -0.000061
   13     42      0     45      0  -0.003708
   14     42      0     45      1  -0.003208
   15     42      0     46      0  -0.004700
   16     42      0     48      0  -0.013545
   17     42      0     48      1  -0.013255
   18     42      0     51      0  -0.033997
   19     42      0     51      2  -0.016747
   20     42      0     52      0  -0.000088
   21     42      0     43      0  -0.144476
   22     42      0     43      2  -0.158545
   23     43      0     43      0  -1.958602
   24     43      0     45      0  -0.007016
   25     43      0     45      1  -0.002898
   26     43      0     46      0  -0.003109
   27     43      0     48      0  -0.000035
   28     43      0     48      1  -0.001156
   29     43      2     43      2  11.829600
   30     43      2     45      0  -0.007095
   31     43      2     45      1  -0.002928
   32     43      2     46      0  -0.001887
   33     43      2     48      0  -0.000035
   34     43      2     48      1  -0.001168
   35     45      0     45      0  -0.578089
   36     45      0     46      0  -0.068570
   37     45      0     48      0  -0.112580
   38     45      0     48      1  -0.358102
   39     45      0     49      0  -0.001027
   40     45      0     51      0  -0.016022
   41     45      0     51      2  -0.014385
   42     45      0     52      0  -0.003322
   43     45      0     53      0  -0.001132
   44     45      0     55      0  -0.002359
   45     45      0     55      2  -0.001961
   46     45      0     64      1  -0.010480
   47     45      1     45      1  -0.319473
   48     45      1     67      0  -0.000094
   49     45      1     68      0  -0.001023
   50     45      1     46      0  -0.170255
   51     45      1     48      0  -0.132633
   52     45      1     48      1  -0.377711
   53     45      1     49      0  -0.001099
   54     45      1     51      0  -0.021195
   55     45      1     51      2  -0.024223
   56     45      1     52      0  -0.010203
   57     45      1     53      0  -0.005409
   58     45      1     55      0  -0.047586
   59     45      1     55      2  -0.040524
   60     45      1     64      1  -0.085667
   61     46      0     46      0  -0.498514
   62     46      0     63      0  -0.000057
   63     46      0     67      0  -0.079714
   64     46      0     68      0  -0.033206
   65     46      0     76      0  -0.001434
   66     46      0     78      0  -0.000064
   67     46      0     78      1  -0.000097
   68     46      0     79      0  -0.011381
   69     46      0     48      0  -0.025991
   70     46      0     48      1  -0.026834
   71     46      0     51      0  -0.038014
   72     46      0     51      2  -0.124055
   73     46      0     52      0  -0.296806
   74     46      0     53      0  -0.001531
   75     46      0     55      0  -0.006237
   76     46      0     55      2  -0.006621
   77     46      0     64      1  -0.303115
   78     48      0     48      0  -1.747686
   79     48      0     67      0  -0.000037
   80     48      0     49      0  -0.062566
   81     48      0     51      0  34.488312
   82     48      0     51      2  2.978075
   83     48      0     52      0  -0.036121
   84     48      0     53      0  -0.049801
   85     48      0     55      0  -0.003677
   86     48      0     55      2  -0.002810
   87     48      0     62      0  -0.000069
   88     48      0     64      1  -0.006253
   89     48      1     48      1  22.310737
   90     48      1     49      0  -0.049200
   91     48      1     51      0  -0.553171
   92     48      1     51      2  -0.299547
   93     48      1     52      0  -0.018536
   94     48      1     53      0  -0.031039
   95     48      1     55      0  -0.003514
   96     48      1     55      2  -0.002481
   97     48      1     64      1  -0.004390
   98     49      0     49      0  -0.123051
   99     49      0     51      0  -0.025283
  100     49      0     51      2  -0.013958
  101     49      0     52      0  -0.000030
  102     49      0     53      0  -0.246081
  103     49      0     55      0  -0.000183
  104     49      0     55      2  -0.001223
  105     49      0     62      0  -0.000133
  106     51      0     51      0  -2.316460
  107     51      0     61      0  -0.000887
  108     51      0     67      0  -0.004871
  109     51      0     52      0  -0.254530
  110     51      0     53      0  -0.067997
  111     51      0     54      0  -0.000783
  112     51      0     55      0  -0.001323
  113     51      0     55      2  -0.001709
  114     51      0     62      0  -0.011752
  115     51      0     64      1  -0.008839
  116     51      2     51      2  12.871801
  117     51      2     61      0  -0.002941
  118     51      2     67      0  -0.024128
  119     51      2     68      0  -0.000075
  120     51      2     76      0  -0.002996
  121     51      2     52      0  -0.819313
  122     51      2     53      0  -0.067621
  123     51      2     54      0  -0.000800
  124     51      2     55      0  -0.002909
  125     51      2     55      2  -0.003447
  126     51      2     62      0  -0.018405
  127     51      2     64      1  -0.025077
  128     52      0     52      0  0.055451
  129     52      0     61      0  -0.139350
  130     52      0     63      0  -0.058678
  131     52      0     65      0  -0.004789
  132     52      0     65      2  -0.008086
  133     52      0     65      3  -0.004805
  134     52      0     66      0  -0.075199
  135     52      0     67      0  0.475890
  136     52      0     68      0  -0.026658
  137     52      0     69      1  -0.000054
  138     52      0     74      0  -0.016809
  139     52      0     75      0  -0.006856
  140     52      0     76      0  -0.051227
  141     52      0     78      0  -0.004095
  142     52      0     78      1  -0.012192
  143     52      0     53      0  -0.067644
  144     52      0     54      0  -0.020868
  145     52      0     55      0  -0.027316
  146     52      0     55      2  -0.033305
  147     52      0     62      0  -0.123652
  148     52      0     64      1  -0.503525
  149     53      0     53      0  -2.556810
  150     53      0     61      0  -0.000856
  151     53      0     63      0  -0.005765
  152     53      0     67      0  -0.000128
  153     53      0     54      0  -0.175501
  154     53      0     55      0  -0.095442
  155     53      0     55      2  -0.147104
  156     53      0     56      0  -0.000805
  157     53      0     62      0  -0.230796
  158     53      0     64      1  -0.020484
  159     54      0     54      0  -1.997608
  160     54      0     58      0  -0.010296
  161     54      0     59      0  -0.003765
  162     54      0     61      0  -0.001387
  163     54      0     63      0  -0.179529
  164     54      0     65      0  -0.012399
  165     54      0     65      2  -0.056150
  166     54      0     65      3  -0.013086
  167     54      0     66      0  -0.005025
  168     54      0     67      0  -0.001877
  169     54      0     55      0  -0.166676
  170     54      0     55      2  -0.204962
  171     54      0     56      0  -0.549129
  172     54      0     62      0  -0.205682
  173     54      0     64      1  -0.026949
  174     55      0     55      0  -2.357071
  175     55      0     58      0  -0.000070
  176     55      0     63      0  -0.019526
  177     55      0     65      0  -0.015741
  178     55      0     65      2  -0.198541
  179     55      0     65      3  -0.015478
  180     55      0     66      0  -0.000071
  181     55      0     67      0  -0.002055
  182     55      0     68      0  -0.003035
  183     55      0     69      0  -0.000087
  184     55      0     69      1  -0.000117
  185     55      0     56      0  -0.140586
  186     55      0     62      0  -0.003271
  187     55      0     64      1  -0.656061
  188     55      2     55      2  48.003089
  189     55      2     58      0  -0.000164
  190     55      2     63      0  -0.025738
  191     55      2     65      0  -0.023803
  192     55      2     65      2  -0.280341
  193     55      2     65      3  -0.022753
  194     55      2     66      0  -0.000107
  195     55      2     67      0  -0.003988
  196     55      2     68      0  -0.005225
  197     55      2     69      0  -0.001763
  198     55      2     69      1  -0.001834
  199     55      2     56      0  -0.145023
  200     55      2     62      0  -0.005731
  201     55      2     64      1  -0.834303
  202     56      0     56      0  -0.430679
  203     56      0     58      0  -0.029386
  204     56      0     63      0  -0.014314
  205     56      0     65      0  -0.010706
  206     56      0     65      2  -0.156771
  207     56      0     65      3  -0.011377
  208     56      0     62      0  -0.000061
  209     56      0     64      1  -0.003292
  210     58      0     58      0  -0.577421
  211     58      0     59      0  -0.320150
  212     58      0     63      0  -0.077307
  213     58      0     65      0  -1.370669
  214     58      0     65      2  -0.487860
  215     58      0     65      3  -1.514515
  216     58      0     66      0  -0.057453
  217     58      0     68      0  -0.000142
  218     58      0     69      0  -0.045283
  219     58      0     69      1  -0.044453
  220     58      0    100      0  -0.000023
  221     58      0     64      1  -0.001645
  222     59      0     59      0  -0.176268
  223     59      0     61      0  -0.002676
  224     59      0     63      0  -0.050921
  225     59      0     65      0  -0.078661
  226     59      0     65      2  -0.013161
  227     59      0     65      3  -0.078610
  228     59      0     66      0  -0.571978
  229     59      0     67      0  -0.000948
  230     59      0     69      0  -0.001677
  231     59      0     69      1  -0.001623
  232     59      0     71      0  -0.000019
  233     59      0     71      3  -0.000018
  234     59      0     74      0  -0.002647
  235     59      0     62      0  -0.000922
  236     61      0     61      0  -0.207116
  237     61      0     63      0  -0.012583
  238     61      0     66      0  -0.106666
  239     61      0     67      0  -0.043312
  240     61      0     74      0  -0.032401
  241     61      0     75      0  -0.525383
  242     61      0     76      0  -0.010259
  243     61      0     78      1  -0.000037
  244     61      0     62      0  -0.246921
  245     62      0     62      0  -0.911896
  246     62      0     63      0  -0.045404
  247     62      0     65      0  -0.000037
  248     62      0     65      2  -0.000040
  249     62      0     65      3  -0.000037
  250     62      0     66      0  -0.008761
  251     62      0     67      0  -0.011266
  252     62      0     64      1  -0.005098
  253     63      0     63      0  -3.704745
  254     63      0     65      0  -0.402385
  255     63      0     65      2  -0.475914
  256     63      0     65      3  -0.401258
  257     63      0     66      0  -0.519538
  258     63      0     67      0  -0.049857
  259     63      0     68      0  -0.009460
  260     63      0     69      0  -0.015318
  261     63      0     69      1  -0.015058
  262     63      0     74      0  -0.000385
  263     63      0     78      1  -0.000031
  264     63      0     64      1  -0.079865
  265     64      1     64      1  5.540300
  266     64      1     65      0  -0.108132
  267     64      1     65      2  -0.326380
  268     64      1     65      3  -0.109405
  269     64      1     66      0  -0.019786
  270     64      1     67      0  -0.364073
  271     64      1     68      0  -0.452758
  272     64      1     69      0  -0.042741
  273     64      1     69      1  -0.044492
  274     64      1     78      0  -0.001091
  275     64      1     78      1  -0.002191
  276     64      1     79      0  -0.009860
  277     64      1     80      7  -0.000031
  278     64      1    106      0  -0.000088
  279     65      0     65      0  -2.570660
  280     65      0     66      0  -0.274328
  281     65      0     67      0  -0.026228
  282     65      0     68      0  -0.146654
  283     65      0     69      0  3.037497
  284     65      0     69      1  -2.484530
  285     65      0     71      0  -0.017479
  286     65      0     71      2  -0.000894
  287     65      0     71      3  -0.018950
  288     65      0     74      0  -0.000128
  289     65      0     78      0  -0.000284
  290     65      0     78      1  -0.000988
  291     65      0     79      0  -0.000290
  292     65      0     80      0  -0.064630
  293     65      0     80      2  -0.060023
  294     65      0     80      5  -0.020938
  295     65      0     80      7  -0.025028
  296     65      0     83     34  -0.000031
  297     65      0    100      0  -0.038095
  298     65      0    105      0  -0.000064
  299     65      0    106      0  -0.057319
  300     65      2     65      2  7.950593
  301     65      2     66      0  -0.098589
  302     65      2     67      0  -0.022720
  303     65      2     68      0  -0.120485
  304     65      2     69      0  -0.750291
  305     65      2     69      1  -0.684656
  306     65      2     78      0  -0.000038
  307     65      2     78      1  -0.000064
  308     65      2     79      0  -0.000176
  309     65      2     80      0  -0.003345
  310     65      2     80      2  -0.003004
  311     65      2     80      7  -0.001010
  312     65      2    106      0  -0.042111
  313     65      3     65      3  10.071825
  314     65      3     66      0  -0.246168
  315     65      3     67      0  -0.026835
  316     65      3     68      0  -0.167839
  317     65      3     69      0  72.287080
  318     65      3     69      1  6.296886
  319     65      3     71      0  -0.016729
  320     65      3     71      2  -0.000889
  321     65      3     71      3  -0.018965
  322     65      3     74      0  -0.000054
  323     65      3     78      0  -0.000265
  324     65      3     78      1  -0.000258
  325     65      3     79      0  -0.001752
  326     65      3     80      0  -0.068858
  327     65      3     80      2  -0.063566
  328     65      3     80      5  -0.020095
  329     65      3     80      7  -0.025126
  330     65      3     83     34  -0.000065
  331     65      3     83     28  -0.000032
  332     65      3    100      0  -0.038431
  333     65      3    105      0  -0.000222
  334     65      3    106      0  -0.057634
  335     66      0     66      0  -4.854553
  336     66      0     67      0  -0.390000
  337     66      0     68      0  -0.027077
  338     66      0     69      0  -0.070502
  339     66      0     69      1  -0.070643
  340     66      0     71      0  -0.015554
  341     66      0     71      2  -0.009481
  342     66      0     71      3  -0.015218
  343     66      0     73      0  -0.048823
  344     66      0     74      0  -1.032042
  345     66      0     75      0  -0.013222
  346     66      0     76      0  -0.001635
  347     66      0     78      0  -0.041487
  348     66      0     78      1  -0.078559
  349     66      0     80      0  -0.004388
  350     66      0     80      2  -0.001537
  351     66      0     80      5  -0.000547
  352     66      0     80      7  -0.035231
  353     67      0     67      0  -2.556103
  354     67      0     68      0  -0.244871
  355     67      0     69      0  -0.023237
  356     67      0     69      1  -0.023921
  357     67      0     74      0  -0.088725
  358     67      0     75      0  -0.005034
  359     67      0     76      0  -0.027637
  360     67      0     77      0  -0.001956
  361     67      0     77      1  -0.002111
  362     67      0     78      0  -0.053069
  363     67      0     78      1  -0.133094
  364     67      0     79      0  -0.017070
  365     67      0     80      0  -0.000429
  366     67      0     80      2  -0.002005
  367     67      0     80      5  -0.000135
  368     67      0     80      7  -0.009728
  369     68      0     68      0  -1.787941
  370     68      0     69      0  -1.269464
  371     68      0     69      1  -1.266877
  372     68      0     71      0  -0.000285
  373     68      0     71      3  -0.001163
  374     68      0     74      0  -0.004264
  375     68      0     77      0  -0.000106
  376     68      0     78      0  -0.049471
  377     68      0     78      1  -0.055533
  378     68      0     79      0  -0.596847
  379     68      0     80      0  -0.125036
  380     68      0     80      2  -0.188131
  381     68      0     80      5  -0.033026
  382     68      0     80      7  -0.077087
  383     68      0     82      0  -0.000061
  384     68      0     82      1  -0.000059
  385     68      0     83      0  -0.015697
  386     68      0     83      3  -0.015538
  387     68      0     83      4  -0.017552
  388     68      0     83      7  -0.015506
  389     68      0     83      8  -0.018430
  390     68      0     83     34  -0.014919
  391     68      0     83     28  -0.016233
  392     68      0    100      0  -0.000062
  393     68      0    103      0  -0.000053
  394     68      0    105      0  -0.027074
  395     68      0    106      0  -0.026474
  396     69      0     69      0  -1.957758
  397     69      0     71      0  -0.061749
  398     69      0     71      2  -0.012052
  399     69      0     71      3  -0.074779
  400     69      0     74      0  -0.005231
  401     69      0     78      0  -0.034858
  402     69      0     78      1  -0.031259
  403     69      0     79      0  -0.066803
  404     69      0     80      0  -1.035517
  405     69      0     80      2  -1.148337
  406     69      0     80      5  -0.240054
  407     69      0     80      7  -0.303931
  408     69      0     83      0  -0.008115
  409     69      0     83      3  -0.009071
  410     69      0     83      4  -0.007866
  411     69      0     83      7  -0.008632
  412     69      0     83      8  -0.011663
  413     69      0     83     34  -0.052921
  414     69      0     83     28  -0.053299
  415     69      0     84      0  -0.000026
  416     69      0     98      0  -0.004932
  417     69      0    100      0  -0.054178
  418     69      0    103      0  -0.006061
  419     69      0    105      0  -0.049517
  420     69      0    106      0  -0.423010
  421     69      1     69      1  8.736693
  422     69      1     71      0  -0.062354
  423     69      1     71      2  -0.012001
  424     69      1     71      3  -0.075937
  425     69      1     74      0  -0.005908
  426     69      1     78      0  -0.034612
  427     69      1     78      1  -0.031293
  428     69      1     79      0  -0.062679
  429     69      1     80      0  -1.000386
  430     69      1     80      2  -1.044165
  431     69      1     80      5  -0.230178
  432     69      1     80      7  -0.293719
  433     69      1     83      0  -0.004777
  434     69      1     83      3  -0.006765
  435     69      1     83      4  -0.005212
  436     69      1     83      7  -0.006532
  437     69      1     83      8  -0.009388
  438     69      1     83     34  -0.047782
  439     69      1     83     28  -0.048004
  440     69      1     84      0  -0.000026
  441     69      1     98      0  -0.004691
  442     69      1    100      0  -0.061085
  443     69      1    103      0  -0.005900
  444     69      1    105      0  -0.045166
  445     69      1    106      0  -0.434895
  446     71      0     71      0  -0.988792
  447     71      0     73      0  -0.005156
  448     71      0     74      0  -0.015522
  449     71      0     77      0  -0.000041
  450     71      0     78      0  -0.033361
  451     71      0     78      1  -0.015748
  452     71      0     79      0  -0.001144
  453     71      0     80      0  -0.491410
  454     71      0     80      2  -0.582500
  455     71      0     80      5  0.442742
  456     71      0     80      7  -1.110893
  457     71      0     82      0  -0.000031
  458     71      0     82      1  -0.000031
  459     71      0     83      0  -0.005098
  460     71      0     83      3  -0.005043
  461     71      0     83      4  -0.005873
  462     71      0     83      7  -0.005162
  463     71      0     83      8  -0.005947
  464     71      0     83     34  -0.215124
  465     71      0     83     28  -0.206615
  466     71      0     84      0  -0.086100
  467     71      0     85      0  -0.001995
  468     71      0     98      0  -0.066801
  469     71      0    100      0  -0.037458
  470     71      0     87      0  -0.000247
  471     71      0     87      1  -0.003231
  472     71      0     87      2  -0.003536
  473     71      0     94      0  -0.010313
  474     71      2     71      2  10.299577
  475     71      2     73      0  -0.007744
  476     71      2     74      0  -0.015911
  477     71      2     77      0  -0.000930
  478     71      2     78      0  -0.030790
  479     71      2     78      1  -0.012670
  480     71      2     79      0  -0.000149
  481     71      2     80      0  -0.186399
  482     71      2     80      2  -0.200622
  483     71      2     80      5  -0.470899
  484     71      2     80      7  -0.845650
  485     71      2     82      0  -0.000982
  486     71      2     82      1  -0.000946
  487     71      2     83      0  -0.009501
  488     71      2     83      3  -0.009536
  489     71      2     83      4  -0.010376
  490     71      2     83      7  -0.009642
  491     71      2     83      8  -0.010364
  492     71      2     83     34  -0.239753
  493     71      2     83     28  -0.222833
  494     71      2     84      0  -0.681558
  495     71      2     85      0  -0.028513
  496     71      2     98      0  -0.058195
  497     71      2    100      0  -0.000176
  498     71      2     87      0  -0.013987
  499     71      2     87      1  -0.028566
  500     71      2     87      2  -0.030370
  501     71      2     94      0  -0.018105
  502     71      2     97      0  -0.000019
  503     71      3     71      3  10.914303
  504     71      3     73      0  -0.005277
  505     71      3     74      0  -0.015329
  506     71      3     77      0  -0.000041
  507     71      3     78      0  -0.036303
  508     71      3     78      1  -0.016647
  509     71      3     79      0  -0.002347
  510     71      3     80      0  -0.787585
  511     71      3     80      2  -0.909697
  512     71      3     80      5  83.981021
  513     71      3     80      7  -1.297068
  514     71      3     82      0  -0.000030
  515     71      3     82      1  -0.000030
  516     71      3     83      0  -0.010725
  517     71      3     83      3  -0.011211
  518     71      3     83      4  -0.011698
  519     71      3     83      7  -0.011031
  520     71      3     83      8  -0.013036
  521     71      3     83     34  -0.389814
  522     71      3     83     28  -0.383938
  523     71      3     84      0  -0.102644
  524     71      3     85      0  -0.002082
  525     71      3     98      0  -0.113605
  526     71      3    100      0  -0.037223
  527     71      3     87      0  -0.002470
  528     71      3     87      1  -0.005141
  529     71      3     87      2  -0.006763
  530     71      3     94      0  -0.009041
  531     71      3     97      0  -0.000931
  532     71      3    106      0  -0.000053
  533     73      0     73      0  -0.081101
  534     73      0     74      0  -0.129212
  535     73      0     75      0  -0.006981
  536     73      0     78      0  -0.000903
  537     73      0     78      1  -0.001008
  538     73      0     80      7  -0.000207
  539     74      0     74      0  -2.360546
  540     74      0     75      0  -0.126245
  541     74      0     76      0  -0.069104
  542     74      0     77      0  -0.038679
  543     74      0     77      1  -0.033834
  544     74      0     78      0  -0.386220
  545     74      0     78      1  0.775761
  546     74      0     79      0  -0.001428
  547     74      0     80      0  -0.007517
  548     74      0     80      2  -0.008027
  549     74      0     80      5  -0.009823
  550     74      0     80      7  -0.075922
  551     74      0     82      0  -0.001677
  552     74      0     82      1  -0.000110
  553     74      0     83     34  -0.000030
  554     74      0     83     28  -0.000033
  555     74      0     84      0  -0.000033
  556     74      0     85      0  -0.000106
  557     75      0     75      0  -0.113706
  558     75      0     76      0  -0.430296
  559     75      0     77      0  -0.002479
  560     75      0     77      1  -0.003477
  561     75      0     78      0  -0.000078
  562     75      0     78      1  -0.002228
  563     76      0     76      0  -1.663940
  564     76      0     77      0  -0.097340
  565     76      0     77      1  -0.139987
  566     76      0     78      0  -0.010731
  567     76      0     78      1  -0.020455
  568     76      0     80      7  -0.000031
  569     76      0     82      0  -0.002459
  570     76      0     82      1  -0.000070
  571     77      0     77      0  -1.148152
  572     77      0     78      0  -0.113505
  573     77      0     78      1  -0.089271
  574     77      0     79      0  -0.016396
  575     77      0     80      0  -0.004827
  576     77      0     80      2  -0.005873
  577     77      0     80      5  -0.006500
  578     77      0     80      7  -0.027585
  579     77      0     82      0  102.082704
  580     77      0     82      1  -0.372070
  581     77      0     83      0  -0.014546
  582     77      0     83      3  -0.014486
  583     77      0     83      4  -0.018229
  584     77      0     83      7  -0.013185
  585     77      0     83      8  -0.013131
  586     77      0     83     34  -0.011482
  587     77      0     83     28  -0.010139
  588     77      0     84      0  -0.006390
  589     77      0     85      0  -0.073933
  590     77      0     86      0  -0.001557
  591     77      1     77      1  24.522041
  592     77      1     78      0  -0.066348
  593     77      1     78      1  -0.061469
  594     77      1     79      0  -0.012345
  595     77      1     80      0  -0.001089
  596     77      1     80      2  -0.001181
  597     77      1     80      5  -0.001202
  598     77      1     80      7  -0.013625
  599     77      1     82      0  -0.666791
  600     77      1     82      1  -0.148980
  601     77      1     83      0  -0.005793
  602     77      1     83      3  -0.005854
  603     77      1     83      4  -0.007342
  604     77      1     83      7  -0.004918
  605     77      1     83      8  -0.004429
  606     77      1     83     34  -0.001793
  607     77      1     83     28  -0.001010
  608     77      1     84      0  -0.002091
  609     77      1     85      0  -0.051913
  610     77      1     86      0  -0.000128
  611     78      0     78      0  -2.689561
  612     78      0     79      0  -0.094691
  613     78      0     80      0  -0.187616
  614     78      0     80      2  -0.193280
  615     78      0     80      5  -0.184621
  616     78      0     80      7  19.473239
  617     78      0     82      0  -0.034685
  618     78      0     82      1  -0.017815
  619     78      0     83      0  -0.019968
  620     78      0     83      3  -0.018719
  621     78      0     83      4  -0.023601
  622     78      0     83      7  -0.018869
  623     78      0     83      8  -0.020005
  624     78      0     83     34  -0.047123
  625     78      0     83     28  -0.046373
  626     78      0     84      0  -0.009527
  627     78      0     85      0  -0.004303
  628     78      0     98      0  -0.000046
  629     78      1     78      1  15.922463
  630     78      1     79      0  -0.077399
  631     78      1     80      0  -0.082957
  632     78      1     80      2  -0.087069
  633     78      1     80      5  -0.070741
  634     78      1     80      7  -0.252954
  635     78      1     82      0  -0.021556
  636     78      1     82      1  -0.009496
  637     78      1     83      0  -0.009748
  638     78      1     83      3  -0.008268
  639     78      1     83      4  -0.012482
  640     78      1     83      7  -0.009070
  641     78      1     83      8  -0.009681
  642     78      1     83     34  -0.021489
  643     78      1     83     28  -0.021567
  644     78      1     84      0  -0.003624
  645     78      1     85      0  -0.000232
  646     79      0     79      0  -1.095034
  647     79      0     80      0  -0.214984
  648     79      0     80      2  -0.343616
  649     79      0     80      5  -0.079604
  650     79      0     80      7  -0.147142
  651     79      0     82      0  -0.029273
  652     79      0     82      1  -0.023037
  653     79      0     83      0  -0.471336
  654     79      0     83      3  -0.392819
  655     79      0     83      4  -0.559848
  656     79      0     83      7  -0.422416
  657     79      0     83      8  -0.479983
  658     79      0     83     34  -0.122227
  659     79      0     83     28  -0.143925
  660     79      0     84      0  -0.001926
  661     79      0     98      0  -0.003085
  662     79      0     86      0  -0.000094
  663     79      0     97      0  -0.004058
  664     79      0    103      0  -0.000032
  665     79      0    105      0  -0.055774
  666     79      0    106      0  -0.003751
  667     80      0     80      0  0.928854
  668     80      0     82      0  -0.013617
  669     80      0     82      1  -0.009776
  670     80      0     83      0  -0.317842
  671     80      0     83      3  -0.354343
  672     80      0     83      4  -0.327269
  673     80      0     83      7  -0.337807
  674     80      0     83      8  -0.396202
  675     80      0     83     34  190.394967
  676     80      0     83     28  216.866698
  677     80      0     84      0  -0.054302
  678     80      0     85      0  -0.000947
  679     80      0     98      0  -0.216324
  680     80      0    100      0  -0.034290
  681     80      0     86      0  -0.000155
  682     80      0     87      0  -0.005563
  683     80      0     87      1  -0.003976
  684     80      0     87      2  -0.009515
  685     80      0     94      0  -0.000904
  686     80      0     97      0  -0.018621
  687     80      0    103      0  -0.009753
  688     80      0    104      0  -0.000069
  689     80      0    105      0  -0.045056
  690     80      0    106      0  -0.025844
  691     80      2     80      2  34.263716
  692     80      2     82      0  -0.014062
  693     80      2     82      1  -0.009968
  694     80      2     83      0  -0.274049
  695     80      2     83      3  -0.289304
  696     80      2     83      4  -0.284404
  697     80      2     83      7  -0.284629
  698     80      2     83      8  -0.330933
  699     80      2     83     34  26.367649
  700     80      2     83     28  49.098645
  701     80      2     84      0  -0.054010
  702     80      2     85      0  -0.000996
  703     80      2     98      0  -0.145247
  704     80      2    100      0  -0.035640
  705     80      2     86      0  -0.000068
  706     80      2     87      0  -0.002811
  707     80      2     87      1  -0.002508
  708     80      2     87      2  -0.005609
  709     80      2     94      0  -0.000034
  710     80      2     97      0  -0.012533
  711     80      2    103      0  -0.007842
  712     80      2    105      0  -0.046019
  713     80      2    106      0  -0.025545
  714     80      5     80      5  63.550534
  715     80      5     82      0  -0.016686
  716     80      5     82      1  -0.014693
  717     80      5     83      0  -0.187091
  718     80      5     83      3  -0.193221
  719     80      5     83      4  -0.199129
  720     80      5     83      7  -0.190105
  721     80      5     83      8  -0.207917
  722     80      5     83     34  1010.980912
  723     80      5     83     28  1286.532827
  724     80      5     84      0  -0.333413
  725     80      5     85      0  -0.009083
  726     80      5     98      0  -0.276407
  727     80      5    100      0  -0.024938
  728     80      5     86      0  -0.000345
  729     80      5     87      0  -0.012652
  730     80      5     87      1  -0.014413
  731     80      5     87      2  -0.021055
  732     80      5     94      0  -0.003118
  733     80      5     97      0  -0.008551
  734     80      5    103      0  -0.001881
  735     80      5    105      0  -0.010523
  736     80      5    106      0  -0.003888
  737     80      7     80      7  91.441222
  738     80      7     82      0  -0.030418
  739     80      7     82      1  -0.022929
  740     80      7     83      0  -0.136818
  741     80      7     83      3  -0.135725
  742     80      7     83      4  -0.149818
  743     80      7     83      7  -0.135782
  744     80      7     83      8  -0.148672
  745     80      7     83     34  2.841941
  746     80      7     83     28  9.867560
  747     80      7     84      0  -0.152653
  748     80      7     85      0  -0.010969
  749     80      7     98      0  -0.058608
  750     80      7    100      0  -0.004193
  751     80      7     86      0  -0.000132
  752     80      7     87      0  -0.001516
  753     80      7     87      1  -0.002588
  754     80      7     87      2  -0.005172
  755     80      7     97      0  -0.002090
  756     80      7    103      0  -0.000028
  757     80      7    105      0  -0.006724
  758     80      7    106      0  -0.001570
  759     82      0     82      0  -1.494840
  760     82      0     83      0  -0.180254
  761     82      0     83      3  -0.199292
  762     82      0     83      4  -0.214559
  763     82      0     83      7  -0.184866
  764     82      0     83      8  -0.177910
  765     82      0     83     34  -0.100932
  766     82      0     83     28  -0.095436
  767     82      0     84      0  -0.024716
  768     82      0     85      0  -0.152075
  769     82      0     98      0  -0.001497
  770     82      0     86      0  -0.062896
  771     82      0     87      0  -0.002015
  772     82      0     87      1  -0.001897
  773     82      0     87      2  -0.003437
  774     82      0     97      0  -0.005154
  775     82      0     89      0  -0.000027
  776     82      1     82      1  15.320634
  777     82      1     83      0  -0.249645
  778     82      1     83      3  -0.285088
  779     82      1     83      4  -0.279923
  780     82      1     83      7  -0.265615
  781     82      1     83      8  -0.250513
  782     82      1     83     34  -0.121858
  783     82      1     83     28  -0.115996
  784     82      1     84      0  -0.026012
  785     82      1     85      0  -0.175362
  786     82      1     98      0  -0.002902
  787     82      1     86      0  -0.234672
  788     82      1     87      0  -0.005086
  789     82      1     87      1  -0.004677
  790     82      1     87      2  -0.008292
  791     82      1     97      0  -0.013497
  792     82      1     89      0  -0.004521
  793     83      0     83      0  0.147353
  794     83      0     84      0  -0.071457
  795     83      0     85      0  -0.019667
  796     83      0     98      0  -0.298899
  797     83      0     86      0  -0.247360
  798     83      0     87      0  -0.108751
  799     83      0     87      1  -0.058971
  800     83      0     87      2  -0.134894
  801     83      0     90      0  -0.000411
  802     83      0     93      0  -0.025296
  803     83      0     94      0  -0.002836
  804     83      0     96      0  -0.010151
  805     83      0     97      0  -1.506206
  806     83      0    103      0  -0.011957
  807     83      0    104      0  -0.036031
  808     83      0    105      0  -0.128870
  809     83      0    106      0  -0.000088
  810     83      3     83      3  -0.200660
  811     83      3     84      0  -0.072773
  812     83      3     85      0  -0.020165
  813     83      3     98      0  -0.327035
  814     83      3     86      0  -0.218714
  815     83      3     87      0  -0.105245
  816     83      3     87      1  -0.057300
  817     83      3     87      2  -0.131393
  818     83      3     90      0  -0.000252
  819     83      3     93      0  -0.020349
  820     83      3     94      0  -0.002886
  821     83      3     96      0  -0.009756
  822     83      3     97      0  -1.185782
  823     83      3    103      0  -0.013856
  824     83      3    104      0  -0.035886
  825     83      3    105      0  -0.193446
  826     83      3    106      0  -0.001665
  827     83      4     83      4  56.148954
  828     83      4     84      0  -0.074369
  829     83      4     85      0  -0.020008
  830     83      4     98      0  -0.307070
  831     83      4     86      0  -0.203431
  832     83      4     87      0  -0.106884
  833     83      4     87      1  -0.057711
  834     83      4     87      2  -0.133064
  835     83      4     90      0  -0.000330
  836     83      4     93      0  -0.021751
  837     83      4     94      0  -0.002932
  838     83      4     96      0  -0.010749
  839     83      4     97      0  -1.420565
  840     83      4    103      0  -0.012173
  841     83      4    104      0  -0.033516
  842     83      4    105      0  -0.129476
  843     83      4    106      0  -0.000079
  844     83      7     83      7  5.757314
  845     83      7     84      0  -0.073087
  846     83      7     85      0  -0.020420
  847     83      7     98      0  -0.310474
  848     83      7     86      0  -0.261682
  849     83      7     87      0  -0.109023
  850     83      7     87      1  -0.059621
  851     83      7     87      2  -0.135897
  852     83      7     90      0  -0.000375
  853     83      7     93      0  -0.023335
  854     83      7     94      0  -0.002849
  855     83      7     96      0  -0.008805
  856     83      7     97      0  -1.296392
  857     83      7    103      0  -0.011634
  858     83      7    104      0  -0.033571
  859     83      7    105      0  -0.143848
  860     83      7    106      0  -0.000720
  861     83      8     83      8  5.323386
  862     83      8     84      0  -0.073461
  863     83      8     85      0  -0.019695
  864     83      8     98      0  -0.323122
  865     83      8     86      0  -0.225072
  866     83      8     87      0  -0.105826
  867     83      8     87      1  -0.057671
  868     83      8     87      2  -0.132216
  869     83      8     90      0  -0.000363
  870     83      8     93      0  -0.019462
  871     83      8     94      0  -0.002882
  872     83      8     96      0  -0.008649
  873     83      8     97      0  -1.171667
  874     83      8    103      0  -0.013129
  875     83      8    104      0  -0.032910
  876     83      8    105      0  -0.177743
  877     83      8    106      0  -0.001563
  878     83     34     83     34  306.050026
  879     83     34     84      0  -0.688892
  880     83     34     85      0  -0.043946
  881     83     34     98      0  -1.108844
  882     83     34    100      0  -0.007960
  883     83     34     86      0  -0.121988
  884     83     34     87      0  -0.184335
  885     83     34     87      1  -0.137459
  886     83     34     87      2  -0.260453
  887     83     34     90      0  -0.000132
  888     83     34     93      0  -0.008821
  889     83     34     94      0  -0.024306
  890     83     34     96      0  -0.003467
  891     83     34     97      0  -0.496305
  892     83     34    103      0  -0.011893
  893     83     34    104      0  -0.002852
  894     83     34    105      0  -0.042979
  895     83     34    106      0  -0.003632
  896     83     28     83     28  124.286364
  897     83     28     84      0  -0.656973
  898     83     28     85      0  -0.039037
  899     83     28     98      0  7.139171
  900     83     28    100      0  -0.007381
  901     83     28     86      0  -0.122882
  902     83     28     87      0  -0.217743
  903     83     28     87      1  -0.165995
  904     83     28     87      2  -0.313587
  905     83     28     90      0  -0.000162
  906     83     28     93      0  -0.008536
  907     83     28     94      0  -0.026779
  908     83     28     96      0  -0.004014
  909     83     28     97      0  -0.495346
  910     83     28    103      0  -0.012841
  911     83     28    104      0  -0.002043
  912     83     28    105      0  -0.041324
  913     83     28    106      0  -0.003251
  914     84      0     84      0  -1.297833
  915     84      0     85      0  -0.336187
  916     84      0     98      0  -0.082257
  917     84      0     86      0  -0.019756
  918     84      0     87      0  -0.058040
  919     84      0     87      1  -0.134700
  920     84      0     87      2  -0.166104
  921     84      0     93      0  -0.000030
  922     84      0     94      0  -0.006730
  923     84      0     97      0  -0.007154
  924     84      0     89      0  -0.000122
  925     85      0     85      0  -1.311772
  926     85      0     98      0  -0.002412
  927     85      0     86      0  -0.110912
  928     85      0     87      0  -0.016063
  929     85      0     87      1  -0.027403
  930     85      0     87      2  -0.032689
  931     85      0     90      0  -0.000974
  932     85      0     97      0  -0.001120
  933     85      0     89      0  -0.080871
  934     86      0     86      0  -2.024481
  935     86      0     98      0  -0.015123
  936     86      0     87      0  -0.201095
  937     86      0     87      1  -0.133385
  938     86      0     87      2  -0.231566
  939     86      0     90      0  -0.357052
  940     86      0     91      0  -0.008180
  941     86      0     92      0  -0.001181
  942     86      0     93      0  -0.161795
  943     86      0     94      0  -0.002225
  944     86      0     96      0  -0.001481
  945     86      0     97      0  -0.370045
  946     86      0    104      0  -0.001276
  947     86      0     89      0  -0.128964
  948     87      0     87      0  -4.718436
  949     87      0     98      0  -0.447132
  950     87      0     90      0  -0.061420
  951     87      0     91      0  -0.139263
  952     87      0     92      0  -0.011010
  953     87      0     93      0  -0.202380
  954     87      0     94      0  -0.682091
  955     87      0     95      0  -0.012195
  956     87      0     96      0  -0.014890
  957     87      0     97      0  -0.428016
  958     87      0    103      0  -0.000873
  959     87      0    104      0  -0.000269
  960     87      0     89      0  -0.022586
  961     87      1     87      1  2.119859
  962     87      1     98      0  -0.299251
  963     87      1     90      0  -0.051375
  964     87      1     91      0  -0.139974
  965     87      1     92      0  -0.011143
  966     87      1     93      0  -0.120965
  967     87      1     94      0  -0.629801
  968     87      1     95      0  -0.009846
  969     87      1     96      0  -0.007672
  970     87      1     97      0  -0.134444
  971     87      1     89      0  -0.026391
  972     87      2     87      2  7.388809
  973     87      2     98      0  -0.512905
  974     87      2     90      0  -0.051521
  975     87      2     91      0  -0.065339
  976     87      2     92      0  -0.005721
  977     87      2     93      0  -0.161156
  978     87      2     94      0  -0.313002
  979     87      2     95      0  -0.006523
  980     87      2     96      0  -0.011697
  981     87      2     97      0  -0.414486
  982     87      2    103      0  -0.000851
  983     87      2    104      0  -0.000234
  984     87      2     89      0  -0.026123
  985     89      0     89      0  -1.745492
  986     89      0     90      0  -0.350840
  987     89      0     91      0  -0.047271
  988     89      0     92      0  -0.000076
  989     89      0     93      0  -0.006976
  990     89      0     97      0  -0.001156
  991     90      0     90      0  -1.223682
  992     90      0     98      0  -0.000083
  993     90      0     91      0  -0.174205
  994     90      0     92      0  -0.109412
  995     90      0     93      0  -0.791494
  996     90      0     94      0  -0.003086
  997     90      0     96      0  -0.002023
  998     90      0     97      0  -0.050231
  999     90      0    104      0  -0.000186
 1000     91      0     91      0  -1.628220
 1001     91      0     98      0  -0.000856
 1002     91      0     92      0  -0.157461
 1003     91      0     93      0  -0.038480
 1004     91      0     94      0  -0.064497
 1005     91      0     95      0  -0.000140
 1006     91      0     97      0  -0.001778
 1007     92      0     92      0  -0.365912
 1008     92      0     93      0  -0.332290
 1009     92      0     94      0  -0.012827
 1010     92      0     95      0  -0.003406
 1011     92      0     96      0  -0.017645
 1012     92      0     97      0  -0.003939
 1013     92      0    104      0  -0.000993
 1014     93      0     93      0  -1.667162
 1015     93      0     98      0  -0.014167
 1016     93      0     94      0  -0.043394
 1017     93      0     95      0  -0.014236
 1018     93      0     96      0  -0.449871
 1019     93      0     97      0  -0.928746
 1020     93      0    103      0  -0.000891
 1021     93      0    104      0  -0.140363
 1022     94      0     94      0  -1.096785
 1023     94      0     98      0  -0.505933
 1024     94      0    100      0  -0.000217
 1025     94      0     95      0  -0.373109
 1026     94      0     96      0  -0.020461
 1027     94      0     97      0  -0.032837
 1028     94      0    103      0  -0.002643
 1029     95      0     95      0  -0.574941
 1030     95      0     98      0  -0.040079
 1031     95      0    100      0  -0.001925
 1032     95      0     96      0  -0.184551
 1033     95      0     97      0  -0.012033
 1034     95      0    102      0  -0.074562
 1035     95      0    103      0  -0.034972
 1036     95      0    104      0  -0.008549
 1037     95      0    106      0  -0.000067
 1038     95      0    107      1  -0.000032
 1039     96      0     96      0  -1.620815
 1040     96      0     98      0  -0.015070
 1041     96      0     97      0  -0.376938
 1042     96      0    102      0  -0.012054
 1043     96      0    103      0  -0.063062
 1044     96      0    104      0  -1.609509
 1045     96      0    105      0  -0.008389
 1046     96      0    106      0  -0.000053
 1047     96      0    107      1  -0.007178
 1048     97      0     97      0  -2.272498
 1049     97      0     98      0  -0.249663
 1050     97      0    103      0  -0.026438
 1051     97      0    104      0  -0.386116
 1052     97      0    105      0  -0.037331
 1053     97      0    106      0  -0.000028
 1054     98      0     98      0  -1.264051
 1055     98      0    100      0  -0.020595
 1056     98      0    103      0  -0.024107
 1057     98      0    104      0  -0.001135
 1058     98      0    105      0  -0.011281
 1059     98      0    106      0  -0.000959
 1060    100      0    100      0  -0.309517
 1061    100      0    102      0  -0.003307
 1062    100      0    103      0  -0.025204
 1063    100      0    105      0  -0.004904
 1064    100      0    106      0  -0.098243
 1065    102      0    102      0  -0.617338
 1066    102      0    103      0  -0.041570
 1067    102      0    104      0  -0.002712
 1068    102      0    105      0  -0.000040
 1069    102      0    106      0  -0.014538
 1070    102      0    107      1  -0.216500
 1071      2      0      2      0  -0.501866
 1072      2      0     31      0  -0.000068
 1073      2      0     30      0  -0.017812
 1074      2      0     34      0  -0.036652
 1075      2      0     41      0  -0.016960
 1076      2      0     42      0  -0.004217
 1077      2      0     43      0  -1.236925
 1078      2      0     43      2  -1.233795
 1079      2      0      4      0  -0.033035
 1080      2      0      5      0  -0.026318
 1081      2      0     22      0  -0.003076
 1082    104      0    104      0  -1.659128
 1083    104      0    105      0  -0.107338
 1084    104      0    106      0  -0.009162
 1085    104      0    107      1  -0.070078
 1086      4      0      4      0  -0.628880
 1087      4      0     28      0  -0.000314
 1088      4      0     29      0  -0.000093
 1089      4      0     29      1  -0.000030
 1090      4      0     29      2  -0.000093
 1091      4      0     31      0  -0.000031
 1092      4      0     33      0  -0.000475
 1093      4      0     30      0  -0.194789
 1094      4      0     34      0  -0.054887
 1095      4      0     43      0  -0.049654
 1096      4      0     43      2  -0.057021
 1097      4      0     21      0  -0.001235
 1098      4      0     24      0  -0.001439
 1099      4      0      7      0  -0.001128
 1100      4      0      8      0  -0.000142
 1101      4      0      8      1  -0.000106
 1102      4      0      9      0  -0.010611
 1103      4      0      9      1  -0.007662
 1104      4      0     20      1  -0.025942
 1105      4      0     25      0  -0.009618
 1106      4      0     26      0  -0.028756
 1107      4      0      5      0  -0.479856
 1108      4      0      6      0  -0.094654
 1109      4      0     22      0  -0.975958
 1110      5      0      5      0  -0.639628
 1111      5      0     10     17  -0.003373
 1112      5      0     11      0  -0.000104
 1113      5      0     11      1  -0.000104
 1114      5      0     45      0  -0.002871
 1115      5      0     45      1  -0.000127
 1116      5      0     33      0  -0.000026
 1117      5      0     30      0  -0.006322
 1118      5      0     34      0  -0.041002
 1119      5      0     43      0  -0.018521
 1120      5      0     43      2  -0.020586
 1121      5      0     21      0  -0.001426
 1122      5      0     24      0  -0.000061
 1123      5      0      7      0  -0.041395
 1124      5      0      8      0  -0.013491
 1125      5      0      8      1  -0.013428
 1126      5      0      9      0  -0.406759
 1127      5      0      9      1  -0.373735
 1128      5      0     19      0  -0.001066
 1129      5      0     19      3  -0.000028
 1130      5      0     20      1  -0.038171
 1131      5      0     25      0  -0.000130
 1132      5      0     26      0  -0.000035
 1133      5      0      6      0  -0.093115
 1134      5      0     22      0  -1.319978
 1135      6      0      6      0  -0.829666
 1136      6      0     21      0  -0.000061
 1137      6      0     24      0  -0.000021
 1138      6      0      7      0  -0.154921
 1139      6      0      8      0  -0.010661
 1140      6      0      8      1  -0.010469
 1141      6      0      9      0  -0.004763
 1142      6      0      9      1  -0.004012
 1143      6      0     26      0  -0.016378
 1144      6      0     22      0  -0.054194
 1145      7      0      7      0  -0.197685
 1146      7      0     10      0  -0.001017
 1147      7      0     10      1  -0.000095
 1148      7      0     10      2  -0.001110
 1149      7      0     10      3  -0.001173
 1150      7      0     10      4  -0.002052
 1151      7      0     10      7  -0.001148
 1152      7      0     10      8  -0.002211
 1153      7      0     10      9  -0.001211
 1154      7      0     10     10  -0.001884
 1155      7      0     10     12  -0.001212
 1156      7      0     10     17  -0.013573
 1157      7      0     10     18  -0.002193
 1158      7      0     10     19  -0.001249
 1159      7      0     21      0  -0.004795
 1160      7      0      8      0  -0.361314
 1161      7      0      8      1  -0.422371
 1162      7      0      9      0  -0.054197
 1163      7      0      9      1  -0.053561
 1164      7      0     19      0  -0.018577
 1165      7      0     19      3  -0.023804
 1166      7      0     20      1  -0.000173
 1167      7      0     22      0  -0.015367
 1168      8      0      8      0  -1.434627
 1169      8      0     18      0  -0.003809
 1170      8      0     10      0  -0.010718
 1171      8      0     10      1  -0.004622
 1172      8      0     10      2  -0.011031
 1173      8      0     10      3  -0.011332
 1174      8      0     10      4  -0.026496
 1175      8      0     10      7  -0.012183
 1176      8      0     10      8  -0.030126
 1177      8      0     10      9  -0.011725
 1178      8      0     10     10  -0.026241
 1179      8      0     10     12  -0.012353
 1180      8      0     10     17  -0.030215
 1181      8      0     10     18  -0.031241
 1182      8      0     10     19  -0.026845
 1183      8      0     11      0  -0.002489
 1184      8      0     11      1  -0.003781
 1185      8      0     11      2  -0.002253
 1186      8      0     17      0  -0.001028
 1187      8      0     21      0  -0.357688
 1188      8      0     24      0  -0.016550
 1189      8      0    104      0  -0.000173
 1190      8      0    105      0  -0.000056
 1191      8      0      9      0  -0.088800
 1192      8      0      9      1  -0.073450
 1193      8      0     19      0  -0.558105
 1194      8      0     19      3  -0.764986
 1195      8      0     20      1  -0.050947
 1196      8      0     25      0  -0.001651
 1197      8      0     22      0  -0.037935
 1198      8      1      8      1  9.941061
 1199      8      1     18      0  -0.002958
 1200      8      1     10      0  -0.013128
 1201      8      1     10      1  -0.005064
 1202      8      1     10      2  -0.013493
 1203      8      1     10      3  -0.013893
 1204      8      1     10      4  -0.030904
 1205      8      1     10      7  -0.014740
 1206      8      1     10      8  -0.034996
 1207      8      1     10      9  -0.015058
 1208      8      1     10     10  -0.030367
 1209      8      1     10     12  -0.015580
 1210      8      1     10     17  -0.035473
 1211      8      1     10     18  -0.036746
 1212      8      1     10     19  -0.030901
 1213      8      1     11      0  -0.002454
 1214      8      1     11      1  -0.003724
 1215      8      1     11      2  -0.002218
 1216      8      1     17      0  -0.001042
 1217      8      1     17      1  -0.000055
 1218      8      1     21      0  -0.249076
 1219      8      1     24      0  -0.011411
 1220      8      1    104      0  -0.000072
 1221      8      1      9      0  -0.091236
 1222      8      1      9      1  -0.076603
 1223      8      1     19      0  -0.631610
 1224      8      1     19      3  -0.887939
 1225      8      1     20      1  -0.045145
 1226      8      1     25      0  -0.000912
 1227      8      1     22      0  -0.033179
 1228      9      0      9      0  -1.585040
 1229      9      0     18      0  -0.004490
 1230      9      0     10      0  -0.105747
 1231      9      0     10      1  -0.081928
 1232      9      0     10      2  -0.108252
 1233      9      0     10      3  -0.108142
 1234      9      0     10      4  -0.120025
 1235      9      0     10      7  -0.111190
 1236      9      0     10      8  -0.123247
 1237      9      0     10      9  -0.110711
 1238      9      0     10     10  -0.122252
 1239      9      0     10     12  -0.111781
 1240      9      0     10     17  -0.338143
 1241      9      0     10     18  -0.126833
 1242      9      0     10     19  -0.125312
 1243      9      0     11      0  -0.084920
 1244      9      0     11      1  -0.088011
 1245      9      0     11      2  -0.038607
 1246      9      0     12      0  -0.004591
 1247      9      0     12      1  -0.000163
 1248      9      0     17      0  -0.003819
 1249      9      0     17      1  -0.000154
 1250      9      0     45      0  -0.037888
 1251      9      0     45      1  -0.027173
 1252      9      0     46      0  -0.002067
 1253      9      0     34      0  -0.010927
 1254      9      0     21      0  -0.024674
 1255      9      0     24      0  -0.000075
 1256      9      0     19      0  -0.125310
 1257      9      0     19      3  -0.050843
 1258      9      0     20      1  -0.449257
 1259      9      0     25      0  -0.001122
 1260      9      0     22      0  -0.392394
 1261      9      1      9      1  11.553533
 1262      9      1     18      0  -0.001900
 1263      9      1     10      0  -0.205285
 1264      9      1     10      1  -0.160189
 1265      9      1     10      2  -0.210021
 1266      9      1     10      3  -0.207942
 1267      9      1     10      4  -0.216038
 1268      9      1     10      7  -0.214782
 1269      9      1     10      8  -0.219877
 1270      9      1     10      9  -0.211950
 1271      9      1     10     10  -0.218894
 1272      9      1     10     12  -0.214732
 1273      9      1     10     17  -0.673066
 1274      9      1     10     18  -0.223949
 1275      9      1     10     19  -0.222350
 1276      9      1     11      0  -0.055725
 1277      9      1     11      1  -0.058392
 1278      9      1     11      2  -0.030501
 1279      9      1     12      0  -0.013823
 1280      9      1     12      1  -0.001605
 1281      9      1     17      0  -0.005840
 1282      9      1     17      1  -0.001140
 1283      9      1     45      0  -0.072229
 1284      9      1     45      1  -0.042058
 1285      9      1     46      0  -0.000220
 1286      9      1     34      0  -0.006378
 1287      9      1     21      0  -0.014210
 1288      9      1     19      0  -0.127917
 1289      9      1     19      3  -0.046469
 1290      9      1     20      1  -0.147499
 1291      9      1     25      0  -0.000054
 1292      9      1     22      0  -0.229419
 1293     10      0     10      0  -0.664448
 1294     10      0     18      0  -0.015201
 1295     10      0     11      0  -0.071711
 1296     10      0     11      1  -0.089646
 1297     10      0     11      2  -0.076672
 1298     10      0     12      0  6.733777
 1299     10      0     12      1  -0.174826
 1300     10      0     16      0  -0.000037
 1301     10      0     17      0  -0.797501
 1302     10      0     17      1  -0.335126
 1303     10      0     45      0  -0.040022
 1304     10      0     45      1  -0.080555
 1305     10      0     64      1  -0.000091
 1306     10      0     21      0  -0.000054
 1307     10      0     19      0  -0.813810
 1308     10      0     19      3  -0.181785
 1309     10      0     20      1  -0.009452
 1310     10      1     10      1  -1.658398
 1311     10      1     18      0  -0.028838
 1312     10      1     11      0  -0.130777
 1313     10      1     11      1  -0.163594
 1314     10      1     11      2  -0.151875
 1315     10      1     12      0  323.607251
 1316     10      1     12      1  -1.078679
 1317     10      1     16      0  -0.004810
 1318     10      1     17      0  12.044129
 1319     10      1     17      1  0.637003
 1320     10      1     45      0  -0.047789
 1321     10      1     45      1  -0.156687
 1322     10      1     55      0  -0.001219
 1323     10      1     55      2  -0.001055
 1324     10      1     64      1  -0.003151
 1325     10      1     21      0  -0.000029
 1326     10      1     19      0  -0.450340
 1327     10      1     19      3  -0.101598
 1328     10      1     20      1  -0.009849
 1329     10      2     10      2  2.255905
 1330     10      2     18      0  -0.015338
 1331     10      2     11      0  -0.070156
 1332     10      2     11      1  -0.088150
 1333     10      2     11      2  -0.075063
 1334     10      2     12      0  -0.930069
 1335     10      2     12      1  -0.149272
 1336     10      2     16      0  -0.000037
 1337     10      2     17      0  -0.799775
 1338     10      2     17      1  -0.338031
 1339     10      2     45      0  -0.039548
 1340     10      2     45      1  -0.075395
 1341     10      2     64      1  -0.000089
 1342     10      2     21      0  -0.000055
 1343     10      2     19      0  -0.830010
 1344     10      2     19      3  -0.191923
 1345     10      2     20      1  -0.009552
 1346     10      3     10      3  3.378568
 1347     10      3     18      0  -0.014890
 1348     10      3     11      0  -0.070842
 1349     10      3     11      1  -0.088866
 1350     10      3     11      2  -0.076008
 1351     10      3     12      0  5.720901
 1352     10      3     12      1  -0.175747
 1353     10      3     16      0  -0.000036
 1354     10      3     17      0  -0.849674
 1355     10      3     17      1  -0.359716
 1356     10      3     45      0  -0.035803
 1357     10      3     45      1  -0.074149
 1358     10      3     64      1  -0.000088
 1359     10      3     21      0  -0.000056
 1360     10      3     19      0  -0.820385
 1361     10      3     19      3  -0.192087
 1362     10      3     20      1  -0.009591
 1363     10      4     10      4  3.266411
 1364     10      4     18      0  -0.046354
 1365     10      4     11      0  -0.095090
 1366     10      4     11      1  -0.131301
 1367     10      4     11      2  -0.115604
 1368     10      4     12      0  -0.715031
 1369     10      4     12      1  -0.118493
 1370     10      4     16      0  -0.003097
 1371     10      4     17      0  446.016098
 1372     10      4     17      1  -0.819479
 1373     10      4     45      0  -0.023968
 1374     10      4     45      1  -0.059483
 1375     10      4     64      1  -0.000112
 1376     10      4     21      0  -0.000150
 1377     10      4    107      1  -0.000071
 1378     10      4     19      0  163.710897
 1379     10      4     19      3  -0.930924
 1380     10      4     20      1  -0.015490
 1381     10      4     22      0  -0.000010
 1382     10      7     10      7  7.131244
 1383     10      7     18      0  -0.015023
 1384     10      7     11      0  -0.069678
 1385     10      7     11      1  -0.087166
 1386     10      7     11      2  -0.074739
 1387     10      7     12      0  -1.407855
 1388     10      7     12      1  -0.136383
 1389     10      7     16      0  -0.000059
 1390     10      7     17      0  -0.871506
 1391     10      7     17      1  -0.377496
 1392     10      7     45      0  -0.037151
 1393     10      7     45      1  -0.068734
 1394     10      7     64      1  -0.000087
 1395     10      7     21      0  -0.000057
 1396     10      7     19      0  -0.826065
 1397     10      7     19      3  -0.201075
 1398     10      7     20      1  -0.009684
 1399     10      7     22      0  -0.000010
 1400     10      8     10      8  6.235104
 1401     10      8     18      0  -0.043346
 1402     10      8     11      0  -0.089843
 1403     10      8     11      1  -0.121977
 1404     10      8     11      2  -0.106572
 1405     10      8     12      0  -0.711141
 1406     10      8     12      1  -0.116722
 1407     10      8     16      0  -0.002996
 1408     10      8     17      0  322.510867
 1409     10      8     17      1  -0.829581
 1410     10      8     45      0  -0.023594
 1411     10      8     45      1  -0.058428
 1412     10      8     64      1  -0.000086
 1413     10      8     21      0  -0.001078
 1414     10      8    107      1  -0.000095
 1415     10      8     19      0  4986.485889
 1416     10      8     19      3  -0.841843
 1417     10      8     20      1  -0.015807
 1418     10      8     22      0  -0.000010
 1419     10      9     10      9  7.964001
 1420     10      9     18      0  -0.015832
 1421     10      9     11      0  -0.069840
 1422     10      9     11      1  -0.088047
 1423     10      9     11      2  -0.075171
 1424     10      9     12      0  -0.560402
 1425     10      9     12      1  -0.160969
 1426     10      9     16      0  -0.000061
 1427     10      9     17      0  -0.937937
 1428     10      9     17      1  -0.410796
 1429     10      9     45      0  -0.034480
 1430     10      9     45      1  -0.068055
 1431     10      9     64      1  -0.000087
 1432     10      9     21      0  -0.000057
 1433     10      9     19      0  -0.811028
 1434     10      9     19      3  -0.199258
 1435     10      9     20      1  -0.009728
 1436     10      9     22      0  -0.000010
 1437     10     10     10     10  8.058920
 1438     10     10     18      0  -0.050989
 1439     10     10     11      0  -0.099945
 1440     10     10     11      1  -0.141492
 1441     10     10     11      2  -0.124482
 1442     10     10     12      0  -0.660281
 1443     10     10     12      1  -0.109864
 1444     10     10     16      0  -0.002239
 1445     10     10     17      0  72.900418
 1446     10     10     17      1  -0.824828
 1447     10     10     45      0  -0.023552
 1448     10     10     45      1  -0.058049
 1449     10     10     64      1  -0.000112
 1450     10     10     21      0  -0.000908
 1451     10     10    107      1  -0.000072
 1452     10     10     19      0  31.202595
 1453     10     10     19      3  -0.886769
 1454     10     10     20      1  -0.017056
 1455     10     10     22      0  -0.000010
 1456     10     12     10     12  9.982489
 1457     10     12     18      0  -0.016540
 1458     10     12     11      0  -0.069076
 1459     10     12     11      1  -0.087372
 1460     10     12     11      2  -0.074330
 1461     10     12     12      0  -1.380008
 1462     10     12     12      1  -0.143315
 1463     10     12     16      0  -0.000062
 1464     10     12     17      0  -0.949579
 1465     10     12     17      1  -0.423478
 1466     10     12     45      0  -0.034673
 1467     10     12     45      1  -0.066321
 1468     10     12     64      1  -0.000086
 1469     10     12     21      0  -0.000057
 1470     10     12     19      0  -0.812176
 1471     10     12     19      3  -0.201329
 1472     10     12     20      1  -0.009747
 1473     10     12     22      0  -0.000010
 1474     10     17     10     17  20.917700
 1475     10     17     18      0  -0.015040
 1476     10     17     11      0  -0.073269
 1477     10     17     11      1  -0.091353
 1478     10     17     11      2  -0.075434
 1479     10     17     12      0  -0.579679
 1480     10     17     12      1  -0.079754
 1481     10     17     16      0  -0.000037
 1482     10     17     17      0  -0.500557
 1483     10     17     17      1  -0.180117
 1484     10     17     45      0  -0.045340
 1485     10     17     45      1  -0.065996
 1486     10     17     64      1  -0.000086
 1487     10     17     21      0  -0.000090
 1488     10     17     19      0  -1.228696
 1489     10     17     19      3  -0.273920
 1490     10     17     20      1  -0.015291
 1491     10     17     22      0  -0.001475
 1492     10     18     10     18  20.341159
 1493     10     18     18      0  -0.043510
 1494     10     18     11      0  -0.088866
 1495     10     18     11      1  -0.120584
 1496     10     18     11      2  -0.104601
 1497     10     18     12      0  -0.685048
 1498     10     18     12      1  -0.110400
 1499     10     18     16      0  -0.002097
 1500     10     18     17      0  28.928325
 1501     10     18     17      1  -0.896847
 1502     10     18     45      0  -0.022602
 1503     10     18     45      1  -0.056668
 1504     10     18     64      1  -0.000086
 1505     10     18     21      0  -0.001341
 1506     10     18    107      1  -0.000101
 1507     10     18     19      0  40430.560162
 1508     10     18     19      3  -0.208171
 1509     10     18     20      1  -0.017453
 1510     10     18     22      0  -0.000010
 1511     10     19     10     19  22.405871
 1512     10     19     18      0  -0.052259
 1513     10     19     11      0  -0.100277
 1514     10     19     11      1  -0.142575
 1515     10     19     11      2  -0.124490
 1516     10     19     12      0  -0.637189
 1517     10     19     12      1  -0.104025
 1518     10     19     16      0  -0.002587
 1519     10     19     17      0  3.783662
 1520     10     19     17      1  -0.729501
 1521     10     19     45      0  -0.023400
 1522     10     19     45      1  -0.057040
 1523     10     19     64      1  -0.000108
 1524     10     19     21      0  -0.001195
 1525     10     19    105      0  -0.000024
 1526     10     19    107      1  -0.000745
 1527     10     19     19      0  99.777736
 1528     10     19     19      3  -0.902293
 1529     10     19     20      1  -0.018962
 1530     10     19     22      0  -0.000010
 1531     11      0     11      0  -1.464662
 1532     11      0     18      0  -0.229257
 1533     11      0     65      0  -0.001920
 1534     11      0     65      2  -0.013201
 1535     11      0     65      3  -0.002110
 1536     11      0     67      0  -0.005155
 1537     11      0     68      0  -0.088103
 1538     11      0     69      0  -0.010171
 1539     11      0     69      1  -0.011376
 1540     11      0     79      0  -0.023703
 1541     11      0     80      2  -0.000032
 1542     11      0     83      8  -0.000052
 1543     11      0     12      0  -0.081065
 1544     11      0     12      1  -0.057279
 1545     11      0     16      0  -0.003037
 1546     11      0     17      0  -0.064116
 1547     11      0     17      1  -0.034448
 1548     11      0     45      0  -0.027083
 1549     11      0     45      1  -0.151722
 1550     11      0     46      0  -0.058122
 1551     11      0     48      1  -0.000027
 1552     11      0     51      2  -0.000010
 1553     11      0     52      0  -0.001483
 1554     11      0     55      0  -0.009681
 1555     11      0     55      2  -0.014501
 1556     11      0     64      1  -0.263152
 1557     11      0     33      0  -0.000276
 1558     11      0     34      0  -0.002091
 1559     11      0     21      0  -0.008223
 1560     11      0    105      0  -0.010975
 1561     11      0    106      0  -0.005826
 1562     11      0     19      0  -0.046262
 1563     11      0     19      3  -0.024678
 1564     11      0     20      1  -0.390641
 1565     11      0     25      0  -0.000955
 1566     11      0     22      0  -0.009129
 1567     11      1     11      1  59.855612
 1568     11      1     18      0  -0.403074
 1569     11      1     65      0  -0.000094
 1570     11      1     65      2  -0.006655
 1571     11      1     65      3  -0.000165
 1572     11      1     67      0  -0.001965
 1573     11      1     68      0  -0.051718
 1574     11      1     69      0  -0.008396
 1575     11      1     69      1  -0.008707
 1576     11      1     79      0  -0.022230
 1577     11      1     80      2  -0.000033
 1578     11      1     83      3  -0.000026
 1579     11      1     83      8  -0.000080
 1580     11      1     12      0  -0.074751
 1581     11      1     12      1  -0.048144
 1582     11      1     16      0  -0.005952
 1583     11      1     17      0  -0.109812
 1584     11      1     17      1  -0.054698
 1585     11      1     45      0  -0.019556
 1586     11      1     45      1  -0.110644
 1587     11      1     46      0  -0.038160
 1588     11      1     52      0  -0.000063
 1589     11      1     55      0  -0.003537
 1590     11      1     55      2  -0.005807
 1591     11      1     64      1  -0.085909
 1592     11      1     33      0  -0.000279
 1593     11      1     34      0  -0.002135
 1594     11      1     21      0  -0.011300
 1595     11      1    105      0  -0.017928
 1596     11      1    106      0  -0.013271
 1597     11      1    107      1  -0.000162
 1598     11      1     19      0  -0.078753
 1599     11      1     19      3  -0.045249
 1600     11      1     20      1  -0.426662
 1601     11      1     25      0  -0.000235
 1602     11      1     22      0  -0.009041
 1603     11      2     11      2  66.598209
 1604     11      2     18      0  -0.393718
 1605     11      2     65      0  -0.002058
 1606     11      2     65      2  -0.018337
 1607     11      2     65      3  -0.002237
 1608     11      2     67      0  -0.004276
 1609     11      2     68      0  -0.092679
 1610     11      2     69      0  -0.015751
 1611     11      2     69      1  -0.015516
 1612     11      2     79      0  -0.021462
 1613     11      2     80      2  -0.000065
 1614     11      2     83      3  -0.000026
 1615     11      2     83      8  -0.000029
 1616     11      2     12      0  -0.092106
 1617     11      2     12      1  -0.065550
 1618     11      2     16      0  -0.007738
 1619     11      2     17      0  -0.115352
 1620     11      2     17      1  -0.059427
 1621     11      2     45      0  -0.016232
 1622     11      2     45      1  -0.121140
 1623     11      2     46      0  -0.041875
 1624     11      2     48      1  -0.000027
 1625     11      2     52      0  -0.001468
 1626     11      2     55      0  -0.010636
 1627     11      2     55      2  -0.015081
 1628     11      2     64      1  -0.263217
 1629     11      2     34      0  -0.000029
 1630     11      2     21      0  -0.006750
 1631     11      2    105      0  -0.017503
 1632     11      2    106      0  -0.016813
 1633     11      2    107      1  -0.000162
 1634     11      2     19      0  -0.065913
 1635     11      2     19      3  -0.037250
 1636     11      2     20      1  -0.185077
 1637     11      2     25      0  -0.000031
 1638     11      2     22      0  -0.001641
 1639     12      0     12      0  -0.858294
 1640     12      0     18      0  -0.010707
 1641     12      0     65      2  -0.006124
 1642     12      0     68      0  -0.000038
 1643     12      0     14      0  -0.006358
 1644     12      0     15      0  -0.001432
 1645     12      0     16      0  -0.007560
 1646     12      0     17      0  -0.954540
 1647     12      0     17      1  -0.780794
 1648     12      0     45      0  -0.066618
 1649     12      0     45      1  -0.575382
 1650     12      0     46      0  -0.000126
 1651     12      0     55      0  -0.057212
 1652     12      0     55      2  -0.046323
 1653     12      0     64      1  -0.025281
 1654     12      0     19      0  -0.027284
 1655     12      0     19      3  -0.003713
 1656     12      0     20      1  -0.000097
 1657     12      1     12      1  4.856702
 1658     12      1     18      0  -0.007903
 1659     12      1     65      2  -0.017390
 1660     12      1     68      0  -0.000038
 1661     12      1     14      0  -0.037118
 1662     12      1     15      0  -0.036170
 1663     12      1     16      0  -0.014469
 1664     12      1     17      0  -0.584967
 1665     12      1     17      1  -0.608186
 1666     12      1     45      0  -0.018798
 1667     12      1     45      1  -0.328910
 1668     12      1     46      0  -0.000095
 1669     12      1     55      0  -0.157714
 1670     12      1     55      2  -0.111993
 1671     12      1     56      0  -0.000171
 1672     12      1     64      1  -0.032856
 1673     12      1     19      0  -0.004326
 1674     12      1     19      3  -0.000140
 1675     14      0     14      0  -1.156667
 1676     14      0     58      0  -0.005662
 1677     14      0     63      0  -0.001784
 1678     14      0     65      0  -0.010134
 1679     14      0     65      2  -0.576687
 1680     14      0     65      3  -0.009424
 1681     14      0     15      0  -0.915762
 1682     14      0     16      0  -0.018135
 1683     14      0     17      0  -0.002003
 1684     14      0     17      1  -0.002325
 1685     14      0     54      0  -0.014554
 1686     14      0     55      0  -0.289351
 1687     14      0     55      2  -0.304479
 1688     14      0     56      0  -0.476107
 1689     14      0     64      1  -0.008986
 1690     14      0    106      0  -0.000022
 1691     15      0     15      0  -0.098560
 1692     15      0     18      0  -0.000083
 1693     15      0     58      0  -0.001110
 1694     15      0     65      0  -0.001047
 1695     15      0     65      2  -0.166624
 1696     15      0     65      3  -0.000269
 1697     15      0     16      0  -0.254545
 1698     15      0     17      0  -0.007648
 1699     15      0     17      1  -0.010071
 1700     15      0     54      0  -0.000030
 1701     15      0     55      0  -0.016923
 1702     15      0     55      2  -0.017514
 1703     15      0     56      0  -0.052268
 1704     15      0    106      0  -0.002098
 1705     16      0     16      0  -0.340947
 1706     16      0     18      0  -0.093474
 1707     16      0     58      0  -0.001294
 1708     16      0     65      0  -0.024218
 1709     16      0     65      2  -0.133172
 1710     16      0     65      3  -0.021082
 1711     16      0     68      0  -0.000134
 1712     16      0     69      0  -0.027702
 1713     16      0     69      1  -0.027581
 1714     16      0    100      0  -0.010193
 1715     16      0     17      0  -0.074721
 1716     16      0     17      1  -0.099957
 1717     16      0     55      0  -0.000215
 1718     16      0     55      2  -0.001187
 1719     16      0     64      1  -0.000988
 1720     16      0    103      0  -0.001165
 1721     16      0    105      0  -0.003599
 1722     16      0    106      0  -0.878963
 1723     16      0    107      1  -0.007214
 1724     16      0     19      0  -0.000175
 1725     16      0     19      3  -0.000105
 1726     17      0     17      0  -1.960049
 1727     17      0     18      0  -0.103365
 1728     17      0     65      2  -0.004688
 1729     17      0     45      0  -0.000118
 1730     17      0     45      1  -0.016888
 1731     17      0     55      0  -0.001174
 1732     17      0     55      2  -0.002056
 1733     17      0     64      1  -0.003204
 1734     17      0    105      0  -0.000106
 1735     17      0    106      0  -0.009768
 1736     17      0    107      1  -0.001811
 1737     17      0     19      0  -0.247445
 1738     17      0     19      3  -0.090532
 1739     17      0     20      1  -0.001900
 1740     17      1     17      1  8.070403
 1741     17      1     18      0  -0.081381
 1742     17      1     65      2  -0.004937
 1743     17      1     45      1  -0.010843
 1744     17      1     55      0  -0.001525
 1745     17      1     55      2  -0.002307
 1746     17      1     64      1  -0.002254
 1747     17      1    105      0  -0.000064
 1748     17      1    106      0  -0.012463
 1749     17      1    107      1  -0.003057
 1750     17      1     19      0  -0.119210
 1751     17      1     19      3  -0.056738
 1752     17      1     20      1  -0.000115
 1753     18      0     18      0  -1.915632
 1754     18      0     65      0  -0.002835
 1755     18      0     65      2  -0.014648
 1756     18      0     65      3  -0.003693
 1757     18      0     68      0  -0.033463
 1758     18      0     69      0  -0.047401
 1759     18      0     69      1  -0.046176
 1760     18      0     79      0  -0.016139
 1761     18      0     80      0  -0.000526
 1762     18      0     80      2  -0.003479
 1763     18      0     83      0  -0.002951
 1764     18      0     83      3  -0.003893
 1765     18      0     83      4  -0.002345
 1766     18      0     83      7  -0.002601
 1767     18      0     83      8  -0.003890
 1768     18      0     83     34  -0.000056
 1769     18      0     83     28  -0.000054
 1770     18      0     45      1  -0.000125
 1771     18      0     55      2  -0.000061
 1772     18      0     64      1  -0.007604
 1773     18      0     21      0  -0.020554
 1774     18      0    103      0  -0.012424
 1775     18      0    104      0  -0.006556
 1776     18      0    105      0  -0.467635
 1777     18      0    106      0  -0.722467
 1778     18      0    107      1  -0.044371
 1779     18      0     19      0  -0.136435
 1780     18      0     19      3  -0.113742
 1781     18      0     20      1  -0.063772
 1782     18      0     25      0  -0.000968
 1783     19      0     19      0  -3.601234
 1784     19      0     45      1  -0.000093
 1785     19      0     21      0  -0.075850
 1786     19      0     24      0  -0.000059
 1787     19      0    104      0  -0.001631
 1788     19      0    105      0  -0.008890
 1789     19      0    106      0  -0.000253
 1790     19      0    107      1  -0.022044
 1791     19      0     20      1  -0.069317
 1792     19      0     22      0  -0.000989
 1793     19      3     19      3  5.040712
 1794     19      3     21      0  -0.083016
 1795     19      3     24      0  -0.000091
 1796     19      3    104      0  -0.001696
 1797     19      3    105      0  -0.008795
 1798     19      3    106      0  -0.000258
 1799     19      3    107      1  -0.032668
 1800     19      3     20      1  -0.052385
 1801     19      3     22      0  -0.000153
 1802     20      1     20      1  6.895290
 1803     20      1     68      0  -0.017008
 1804     20      1     77      0  -0.000055
 1805     20      1     77      1  -0.000063
 1806     20      1     79      0  -0.163994
 1807     20      1     80      2  -0.000157
 1808     20      1     82      0  -0.001024
 1809     20      1     82      1  -0.001020
 1810     20      1     83      0  -0.049700
 1811     20      1     83      3  -0.049754
 1812     20      1     83      4  -0.051975
 1813     20      1     83      7  -0.048373
 1814     20      1     83      8  -0.049556
 1815     20      1     83     34  -0.000175
 1816     20      1     83     28  -0.000265
 1817     20      1     45      0  -0.000187
 1818     20      1     45      1  -0.002394
 1819     20      1     46      0  -0.025582
 1820     20      1     64      1  -0.000263
 1821     20      1     28      0  -0.016310
 1822     20      1     32      0  -0.002739
 1823     20      1     33      0  -0.182012
 1824     20      1     30      0  -0.004294
 1825     20      1     34      0  -0.074172
 1826     20      1     43      0  -0.000150
 1827     20      1     43      2  -0.000148
 1828     20      1     21      0  -0.583562
 1829     20      1     24      0  -0.051290
 1830     20      1     97      0  -0.000140
 1831     20      1    104      0  -0.000167
 1832     20      1    105      0  -0.033338
 1833     20      1     25      0  -1.178352
 1834     20      1     26      0  -0.000905
 1835     20      1     22      0  -1.337912
 1836     21      0     21      0  -1.085823
 1837     21      0     79      0  -0.005067
 1838     21      0     83      0  -0.015814
 1839     21      0     83      3  -0.015500
 1840     21      0     83      4  -0.014355
 1841     21      0     83      7  -0.015347
 1842     21      0     83      8  -0.015260
 1843     21      0     33      0  -0.000052
 1844     21      0     24      0  -0.700906
 1845     21      0     96      0  -0.000030
 1846     21      0     97      0  -0.004834
 1847     21      0    104      0  -0.042111
 1848     21      0    105      0  -0.025873
 1849     21      0    107      1  -0.001841
 1850     21      0     25      0  -0.227032
 1851     21      0     26      0  -0.004324
 1852     21      0     22      0  -0.083467
 1853     22      0     22      0  -3.120429
 1854     22      0     45      0  -0.001059
 1855     22      0     45      1  -0.000154
 1856     22      0     46      0  -0.001827
 1857     22      0     28      0  -0.009446
 1858     22      0     32      0  -0.000028
 1859     22      0     33      0  -0.034038
 1860     22      0     30      0  -0.035889
 1861     22      0     34      0  -0.240140
 1862     22      0     43      0  -0.019913
 1863     22      0     43      2  -0.022072
 1864     22      0     24      0  -0.053488
 1865     22      0     25      0  -0.192533
 1866     22      0     26      0  -0.053184
 1867     24      0     24      0  -1.830141
 1868     24      0     82      1  -0.000055
 1869     24      0     83      0  -0.021819
 1870     24      0     83      3  -0.017830
 1871     24      0     83      4  -0.017956
 1872     24      0     83      7  -0.020987
 1873     24      0     83      8  -0.017969
 1874     24      0     28      0  -0.008148
 1875     24      0     86      0  -0.001802
 1876     24      0     90      0  -0.000109
 1877     24      0     93      0  -0.001267
 1878     24      0     96      0  -0.000095
 1879     24      0     97      0  -0.017086
 1880     24      0    104      0  -0.037379
 1881     24      0    105      0  -0.001483
 1882     24      0     25      0  -0.676103
 1883     24      0     26      0  -0.091107
 1884     24      0     27      0  -0.002446
 1885     25      0     25      0  -1.971420
 1886     25      0     68      0  -0.000072
 1887     25      0     77      0  -0.002279
 1888     25      0     77      1  -0.002118
 1889     25      0     79      0  -0.055905
 1890     25      0     80      0  -0.000099
 1891     25      0     80      2  -0.000123
 1892     25      0     82      0  -0.036542
 1893     25      0     82      1  -0.058749
 1894     25      0     83      0  -0.503441
 1895     25      0     83      3  -0.480997
 1896     25      0     83      4  -0.448648
 1897     25      0     83      7  -0.522138
 1898     25      0     83      8  -0.462963
 1899     25      0     83     34  -0.016512
 1900     25      0     83     28  -0.017442
 1901     25      0     28      0  -0.537161
 1902     25      0     29      0  -0.001034
 1903     25      0     29      1  -0.001074
 1904     25      0     29      2  -0.001039
 1905     25      0     32      0  -0.018663
 1906     25      0     33      0  -0.107366
 1907     25      0     30      0  -0.003922
 1908     25      0     34      0  -0.004143
 1909     25      0     86      0  -0.018058
 1910     25      0     97      0  -0.034117
 1911     25      0    104      0  -0.005954
 1912     25      0    105      0  -0.012946
 1913     25      0     26      0  -0.072874
 1914     25      0     27      0  -0.015208
 1915     26      0     26      0  -1.380023
 1916     26      0     28      0  -0.017973
 1917     26      0     30      0  -0.003265
 1918     26      0     27      0  -0.261165
 1919     27      0     27      0  -0.221144
 1920     27      0     82      1  -0.000064
 1921     27      0     28      0  -0.070707
 1922     27      0     29      0  -0.003903
 1923     27      0     29      1  -0.009416
 1924     27      0     29      2  -0.003906
 1925     27      0     32      0  -0.000826
 1926     27      0     86      0  -0.000032
 1927     27      0     90      0  -0.002106
 1928     28      0     28      0  -1.438373
 1929     28      0     77      0  -0.018058
 1930     28      0     77      1  -0.024653
 1931     28      0     79      0  -0.000235
 1932     28      0     82      0  -0.052212
 1933     28      0     82      1  -0.079571
 1934     28      0     83      0  -0.010369
 1935     28      0     83      3  -0.010640
 1936     28      0     83      4  -0.009263
 1937     28      0     83      7  -0.011195
 1938     28      0     83      8  -0.009758
 1939     28      0     83     34  -0.000071
 1940     28      0     83     28  -0.000071
 1941     28      0     85      0  -0.000031
 1942     28      0     29      0  -0.114950
 1943     28      0     29      1  -0.138191
 1944     28      0     29      2  -0.115849
 1945     28      0     31      0  -0.011119
 1946     28      0     31      1  -0.010667
 1947     28      0     32      0  -0.614151
 1948     28      0     33      0  -0.143912
 1949     28      0     35      1  -0.000029
 1950     28      0     30      0  -0.022788
 1951     28      0     34      0  -0.005853
 1952     28      0     86      0  -0.007932
 1953     29      0     29      0  -1.642181
 1954     29      0     76      0  -0.000071
 1955     29      0     77      0  -0.000180
 1956     29      0     77      1  -0.003014
 1957     29      0     82      0  -0.000084
 1958     29      0     31      0  16.034444
 1959     29      0     31      1  2.244204
 1960     29      0     32      0  -0.477456
 1961     29      0     33      0  -0.013016
 1962     29      0     35      1  -0.003462
 1963     29      0     30      0  -0.149726
 1964     29      0     34      0  -0.010396
 1965     29      0     36      0  -0.014282
 1966     29      0     41      0  -0.028819
 1967     29      0     43      0  -0.014271
 1968     29      0     43      2  -0.012825
 1969     29      1     29      1  4.371697
 1970     29      1     76      0  -0.000030
 1971     29      1     77      0  -0.000181
 1972     29      1     77      1  -0.002368
 1973     29      1     82      0  -0.000087
 1974     29      1     31      0  -0.698938
 1975     29      1     31      1  -0.589401
 1976     29      1     32      0  -0.468254
 1977     29      1     33      0  -0.009116
 1978     29      1     35      1  -0.000158
 1979     29      1     30      0  -0.068604
 1980     29      1     34      0  -0.003553
 1981     29      1     36      0  -0.001517
 1982     29      1     41      0  -0.002562
 1983     29      1     43      0  -0.002093
 1984     29      1     43      2  -0.001936
 1985     29      2     29      2  3.708981
 1986     29      2     76      0  -0.000909
 1987     29      2     77      0  -0.000886
 1988     29      2     77      1  -0.003911
 1989     29      2     82      0  -0.000084
 1990     29      2     31      0  10.410531
 1991     29      2     31      1  1.677911
 1992     29      2     32      0  -0.502983
 1993     29      2     33      0  -0.014476
 1994     29      2     35      1  -0.002875
 1995     29      2     30      0  -0.148582
 1996     29      2     34      0  -0.010906
 1997     29      2     36      0  -0.012857
 1998     29      2     41      0  -0.026627
 1999     29      2     43      0  -0.014297
 2000     29      2     43      2  -0.012890
 2001     30      0     30      0  -0.517348
 2002     30      0     31      0  -0.144585
 2003     30      0     31      1  -0.079055
 2004     30      0     32      0  -0.019771
 2005     30      0     33      0  -0.026250
 2006     30      0     35      1  -0.001147
 2007     30      0     34      0  -0.308141
 2008     30      0     36      0  -0.001064
 2009     30      0     41      0  -0.028600
 2010     30      0     42      0  -0.000038
 2011     30      0     43      0  -0.535652
 2012     30      0     43      2  -0.525558
 2013     31      0     31      0  -1.089063
 2014     31      0     76      0  -0.022980
 2015     31      0     77      0  -0.000915
 2016     31      0     77      1  -0.003481
 2017     31      0     32      0  -0.162472
 2018     31      0     33      0  -0.016250
 2019     31      0     35      1  -0.044746
 2020     31      0     34      0  -0.065209
 2021     31      0     36      0  -0.143742
 2022     31      0     37      0  -0.000110
 2023     31      0     40      0  -0.000037
 2024     31      0     41      0  -0.249376
 2025     31      0     42      0  -0.001794
 2026     31      0     43      0  -0.082115
 2027     31      0     43      2  -0.076978
 2028     31      1     31      1  6.197275
 2029     31      1     76      0  -0.050188
 2030     31      1     77      0  -0.001938
 2031     31      1     77      1  -0.005728
 2032     31      1     32      0  -0.183242
 2033     31      1     33      0  -0.017920
 2034     31      1     35      1  -0.104951
 2035     31      1     34      0  -0.063175
 2036     31      1     36      0  -0.325617
 2037     31      1     37      0  -0.002430
 2038     31      1     40      0  -0.000077
 2039     31      1     41      0  -0.132010
 2040     31      1     42      0  -0.002280
 2041     31      1     43      0  -0.044657
 2042     31      1     43      2  -0.041885
 2043     32      0     32      0  -1.756037
 2044     32      0     74      0  -0.000030
 2045     32      0     76      0  -0.041209
 2046     32      0     77      0  -0.328606
 2047     32      0     77      1  -0.058971
 2048     32      0     78      0  -0.002393
 2049     32      0     78      1  -0.002382
 2050     32      0     79      0  -0.002645
 2051     32      0     82      0  -0.120949
 2052     32      0     82      1  -0.042419
 2053     32      0     83      0  -0.000089
 2054     32      0     83      3  -0.000171
 2055     32      0     83      4  -0.000193
 2056     32      0     83      7  -0.000061
 2057     32      0     83      8  -0.000063
 2058     32      0     85      0  -0.001164
 2059     32      0     33      0  -0.312436
 2060     32      0     35      1  -0.018239
 2061     32      0     34      0  -0.017247
 2062     32      0     36      0  -0.000071
 2063     32      0     43      0  -0.000088
 2064     32      0     86      0  -0.000031
 2065     33      0     33      0  -0.842608
 2066     33      0     67      0  -0.001869
 2067     33      0     68      0  -0.001684
 2068     33      0     76      0  -0.015726
 2069     33      0     77      0  -0.033229
 2070     33      0     77      1  -0.065071
 2071     33      0     78      0  -0.004828
 2072     33      0     78      1  -0.005718
 2073     33      0     79      0  -0.041593
 2074     33      0     80      7  -0.000011
 2075     33      0     82      0  -0.025983
 2076     33      0     82      1  -0.015069
 2077     33      0     83      0  -0.006883
 2078     33      0     83      3  -0.006858
 2079     33      0     83      4  -0.009142
 2080     33      0     83      7  -0.007906
 2081     33      0     83      8  -0.007827
 2082     33      0     46      0  -0.032120
 2083     33      0     52      0  -0.000112
 2084     33      0     64      1  -0.000032
 2085     33      0     35      1  -0.029341
 2086     33      0     34      0  -0.310808
 2087     33      0     43      0  -0.010805
 2088     33      0     43      2  -0.008406
 2089     34      0     34      0  -3.549363
 2090     34      0     76      0  -0.004745
 2091     34      0     45      0  -0.022720
 2092     34      0     45      1  -0.018366
 2093     34      0     46      0  -0.102401
 2094     34      0     48      0  -0.000927
 2095     34      0     48      1  -0.002341
 2096     34      0     51      0  -0.001465
 2097     34      0     51      2  -0.004639
 2098     34      0     52      0  -0.000151
 2099     34      0     35      1  -0.077544
 2100     34      0     36      0  -0.009797
 2101     34      0     37      0  -0.006076
 2102     34      0     41      0  -0.036818
 2103     34      0     42      0  -0.061128
 2104     34      0     43      0  -2.088253
 2105     34      0     43      2  -1.857939
 2106     35      1     35      1  1.221799
 2107     35      1     61      0  -0.006632
 2108     35      1     67      0  -0.034239
 2109     35      1     74      0  -0.001048
 2110     35      1     75      0  -0.030299
 2111     35      1     76      0  -2.530718
 2112     35      1     77      0  -0.006544
 2113     35      1     77      1  -0.014210
 2114     35      1     78      0  -0.000064
 2115     35      1     78      1  -0.000918
 2116     35      1     46      0  -0.040923
 2117     35      1     48      0  -0.002971
 2118     35      1     48      1  -0.000069
 2119     35      1     51      0  -0.038317
 2120     35      1     51      2  -0.102066
 2121     35      1     52      0  -0.272816
 2122     35      1     64      1  -0.000170
 2123     35      1     36      0  -0.212960
 2124     35      1     37      0  -0.723722
 2125     35      1     38      0  -0.011834
 2126     35      1     40      0  -0.002017
 2127     35      1     41      0  -0.009372
 2128     35      1     42      0  -0.036014
 2129     35      1     43      0  -0.001669
 2130     36      0     36      0  -2.267204
 2131     36      0     75      0  -0.000030
 2132     36      0     76      0  -0.084089
 2133     36      0     37      0  -0.089172
 2134     36      0     38      0  -0.017734
 2135     36      0     40      0  -0.101840
 2136     36      0     41      0  -0.625663
 2137     36      0     42      0  -0.021029
 2138     36      0     43      0  -0.016367
 2139     36      0     43      2  -0.017616
 2140     37      0     37      0  -0.867514
 2141     37      0     76      0  -0.033730
 2142     37      0     46      0  -0.002621
 2143     37      0     48      0  -0.008028
 2144     37      0     48      1  -0.003269
 2145     37      0     51      0  -0.079031
 2146     37      0     51      2  -0.056877
 2147     37      0     52      0  -0.015386
 2148     37      0     38      0  -0.597902
 2149     37      0     40      0  -0.070290
 2150     37      0     41      0  -0.009089
 2151     37      0     42      0  -0.173698
 2152     37      0     43      0  -0.000290
 2153     37      0     43      2  -0.001028
 2154     38      0     38      0  -0.179473
 2155     38      0     76      0  -0.000033
 2156     38      0     51      0  -0.002834
 2157     38      0     51      2  -0.000026
 2158     38      0     40      0  -0.186686
 2159     38      0     41      0  -0.000034
 2160     38      0     42      0  -0.005073
 2161    103      0    103      0  -2.794438
 2162    103      0    104      0  -0.116483
 2163    103      0    105      0  -0.289053
 2164    103      0    106      0  -0.400081
 2165    103      0    107      1  -0.079508
 2166    105      0    105      0  -0.715959
 2167    105      0    106      0  -0.521059
 2168    105      0    107      1  -0.055112
 2169    106      0    106      0  -1.801678
 2170    106      0    107      1  -0.239805
 2171    107      1    107      1  -2.437858
